159
408
246
384
609
11
10
180
227
558
525
749
97
488
462
828
262
351
332
936
182
117
897
921
994
455
885
98
899
978
393
977
759
746
460
67
267
571
751
516
820
577
321
26
233
127
849
899
374
208
16
189
434
443
107
695
51
838
54
67
455
855
162
646
558
851
254
53
599
732
363
771
380
75
629
102
456
109
150
130
890
471
972
940
871
299
39
234
962
827
714
456
390
722
522
367
705
633
665
346
238
956
621
55
774
774
62
672
960
482
106
472
918
542
883
551
499
462
388
653
519
142
339
1000
482
13
877
988
206
394
453
245
795
790
925
368
641
93
262
979
273
368
858
190
826
411
608
224
547
493
127
207
455
81
84
515
540
640
558
154
463
106
571
664
488
892
755
682
898
312
840
12
95
789
843
816
688
345
718
375
652
584
879
816
833
42
652
394
341
917
382
384
317
49
244
326
363
611
850
322
