1
1
1
2
3
4
4
4
4
4
4
5
5
5
5
6
6
6
6
7
8
8
8
11
11
12
13
14
15
15
16
17
18
18
20
20
21
22
22
22
23
23
23
24
24
24
25
25
25
26
26
26
27
27
27
28
28
29
30
30
32
32
32
33
33
33
36
36
36
37
37
37
38
39
39
39
40
40
41
41
41
41
42
42
42
42
42
42
43
43
44
44
44
44
44
45
45
46
46
46
47
47
48
49
49
51
52
53
53
54
54
54
55
55
55
56
56
57
57
58
59
59
59
59
60
60
61
61
61
61
63
63
63
64
65
66
66
67
67
67
67
68
68
69
69
69
70
71
71
71
72
73
74
74
75
75
75
76
77
77
77
77
78
78
78
79
80
80
80
81
82
82
82
82
82
82
83
83
83
85
86
86
90
90
90
90
91
91
92
92
94
94
95
97
97
98
98
98
99
99
99
101
101
102
103
103
104
104
104
105
105
105
105
105
106
107
107
108
108
109
110
110
110
111
111
111
112
113
114
114
115
115
115
115
116
116
117
117
118
118
118
118
120
120
121
122
123
123
123
123
123
123
124
124
125
125
126
126
126
126
127
127
127
128
128
128
129
129
130
130
132
132
134
134
135
135
135
135
136
136
137
137
138
138
138
139
139
140
140
140
140
141
142
142
143
144
144
144
145
145
145
146
146
146
146
149
149
149
150
151
152
152
152
154
154
155
156
157
157
157
157
158
158
158
160
160
161
161
161
161
162
162
162
162
163
163
163
164
164
165
165
165
166
166
166
167
167
170
170
170
171
171
171
172
172
172
173
175
175
176
176
176
177
178
178
178
180
180
181
181
181
181
181
182
182
183
183
183
183
184
184
184
185
185
185
185
185
186
186
186
186
187
190
192
192
193
193
193
193
194
194
194
195
196
197
197
198
198
199
199
199
199
200
201
201
202
203
203
204
204
204
205
205
207
207
207
208
209
209
209
210
210
211
211
212
212
213
213
214
214
215
215
216
216
217
217
217
218
218
218
218
218
219
219
219
220
221
221
222
222
222
223
223
223
223
223
224
226
226
227
228
228
228
228
229
229
229
229
231
231
231
233
233
234
234
234
234
235
235
238
239
239
240
240
240
240
241
241
241
241
241
242
243
243
245
246
246
246
247
247
248
248
249
250
251
252
253
254
255
255
256
257
257
257
257
257
258
259
259
259
260
261
262
263
264
264
264
264
265
267
267
267
268
269
269
269
269
270
270
272
272
273
274
277
277
277
277
277
278
279
279
279
279
279
280
280
281
282
282
283
284
284
285
285
286
287
288
288
289
290
291
291
292
293
293
294
294
295
296
298
298
298
298
298
299
299
299
301
301
302
302
303
303
303
303
303
303
304
304
304
305
306
306
306
306
307
307
308
309
309
309
310
310
310
311
311
311
311
312
312
313
313
314
315
315
315
315
316
316
317
317
317
318
319
320
321
322
322
322
323
323
324
325
325
326
326
326
327
327
327
327
328
328
329
329
331
332
332
333
333
334
334
334
335
335
336
336
336
337
338
339
339
340
340
340
340
341
342
342
343
343
343
343
344
344
344
345
345
345
346
347
347
347
348
348
349
349
350
351
352
352
352
352
353
354
354
354
354
354
354
355
355
355
356
357
357
357
358
359
360
360
360
361
361
361
361
362
362
362
363
363
364
365
365
365
365
366
367
367
368
368
369
370
371
371
372
372
373
373
374
375
375
376
376
376
377
377
377
378
379
379
379
379
380
380
381
381
381
381
382
382
384
384
384
384
384
385
385
385
386
386
386
386
387
387
387
387
390
391
391
391
392
392
392
393
394
395
396
396
396
397
398
398
398
398
399
401
402
402
403
403
403
403
405
405
406
406
406
407
407
407
408
408
408
408
409
409
409
409
410
411
411
411
412
412
412
413
413
413
414
415
415
416
416
416
416
417
417
418
418
419
419
419
419
420
421
422
422
423
424
424
424
425
425
428
428
428
428
429
430
430
430
430
431
432
432
435
436
436
436
437
437
439
440
440
441
442
442
442
443
444
444
444
446
446
446
449
449
449
450
451
453
453
454
454
454
454
456
456
457
457
457
457
458
458
459
460
462
462
462
462
462
463
464
464
464
466
466
467
468
469
469
470
470
471
472
473
473
474
474
474
475
475
476
476
476
477
477
478
479
480
480
480
480
482
482
482
483
483
483
484
485
485
486
488
489
489
490
491
492
492
493
493
494
495
495
496
496
496
497
497
499
500
500
500
501
502
502
503
503
503
504
504
505
505
506
506
508
508
508
509
510
512
512
512
512
513
514
515
516
516
516
516
516
517
517
517
517
518
519
520
520
522
523
523
523
524
525
525
525
526
526
528
528
530
530
531
532
532
532
532
534
535
535
536
537
537
537
538
538
539
540
540
541
543
543
543
543
545
545
546
546
546
547
551
551
552
552
553
553
553
554
555
556
556
556
556
557
557
557
558
558
559
559
559
559
560
561
561
561
561
561
562
562
562
563
563
564
565
565
565
565
567
567
567
567
568
570
570
570
571
571
572
572
574
574
577
577
578
578
579
579
579
580
581
581
581
582
583
584
584
584
584
585
585
585
586
586
588
588
588
589
589
589
589
589
590
590
591
591
591
592
592
592
593
593
593
593
594
594
594
595
595
595
596
596
596
598
598
598
599
600
600
600
601
602
603
603
603
605
605
605
605
606
606
606
606
607
609
611
611
612
612
613
613
613
613
613
614
616
617
618
618
618
618
618
618
619
620
621
621
621
622
622
623
625
627
628
628
628
628
629
629
629
630
630
631
632
632
632
633
633
633
634
635
635
635
635
636
636
636
637
637
637
637
638
638
638
639
639
640
640
640
640
641
641
642
642
643
643
644
645
645
646
646
646
648
648
649
650
650
651
652
652
653
653
653
653
653
653
654
654
655
656
656
656
656
657
658
658
660
660
661
661
661
663
663
664
664
665
665
665
665
665
665
666
666
668
669
669
670
671
671
671
671
672
672
673
673
674
674
674
676
676
676
677
677
677
678
678
679
680
680
681
682
682
682
682
682
682
682
683
684
684
684
685
686
688
688
689
689
690
690
690
690
691
691
691
692
692
692
692
693
694
694
694
696
696
697
697
698
699
699
699
699
700
701
702
702
703
705
706
706
706
706
706
709
709
710
710
710
711
711
712
713
713
714
714
714
715
716
716
717
717
718
718
719
719
719
720
720
721
721
722
722
722
722
723
723
723
724
724
724
724
725
725
726
727
727
727
727
728
728
728
728
729
729
729
730
730
730
730
731
732
732
732
733
733
734
734
735
736
736
736
736
737
737
738
739
740
741
741
742
742
742
743
743
743
744
744
744
744
744
746
747
747
748
748
748
748
748
748
749
751
751
752
753
753
753
754
754
755
755
756
756
756
757
757
758
758
760
760
760
760
761
761
761
762
763
763
764
764
764
765
766
766
767
767
767
767
768
769
769
769
770
770
770
774
774
774
774
775
776
776
776
776
777
777
777
778
778
779
781
781
781
781
782
782
783
783
784
784
785
786
786
786
786
786
788
788
789
789
789
790
790
791
792
793
794
794
794
794
795
796
796
796
798
798
798
799
801
801
802
802
802
802
803
803
803
803
804
804
804
804
806
807
807
807
807
807
808
808
808
809
809
809
809
810
810
810
810
810
811
811
812
812
812
812
813
813
813
814
815
815
816
816
817
817
818
818
820
820
820
820
820
822
822
822
823
823
824
825
826
826
827
827
827
828
828
828
828
829
829
830
830
831
831
831
832
833
833
833
833
834
835
835
836
838
839
839
839
840
841
842
842
842
842
842
842
842
843
843
844
844
844
846
846
846
847
847
847
847
847
848
849
850
850
850
851
853
854
854
855
855
855
855
856
858
858
860
860
861
862
862
864
864
864
866
867
867
867
868
869
870
870
870
871
871
872
872
872
873
873
873
874
874
875
875
875
876
877
877
879
880
880
880
880
880
881
881
881
881
881
881
882
882
883
883
885
886
886
886
887
888
888
888
889
889
890
890
891
891
891
892
892
893
894
895
895
895
895
895
896
896
899
899
899
899
901
901
901
901
901
901
902
903
903
903
904
904
905
907
908
908
908
909
910
911
913
914
916
916
917
918
918
919
919
919
920
920
921
922
922
923
923
924
924
924
926
926
926
927
927
928
928
930
931
931
931
932
932
933
934
934
934
936
937
937
937
937
937
938
938
939
940
942
942
942
943
944
944
944
945
945
945
946
946
947
948
948
948
948
948
948
949
949
949
950
950
950
952
953
953
954
955
955
955
955
955
956
956
956
957
957
957
957
957
958
958
958
959
959
960
960
960
962
962
963
963
963
964
965
965
965
966
966
967
968
968
968
968
968
969
969
969
970
971
972
972
973
974
975
975
975
976
978
979
979
979
980
981
982
982
983
983
983
984
984
984
986
986
987
988
988
989
990
990
990
991
991
992
992
993
993
993
993
994
994
994
994
994
994
995
995
996
997
997
997
998
998
998
998
999
999
999
1000
1000
1000
1000
1000
