402
352
83
8
65
273
11
409
906
633
217
319
629
532
598
771
649
808
497
332
649
512
868
643
903
167
139
772
571
558
191
788
104
349
518
656
948
539
480
38
110
325
865
740
694
482
125
725
676
391
151
51
414
537
251
509
932
36
190
86
239
395
40
55
822
229
940
359
530
956
451
51
701
55
222
300
264
453
830
962
645
880
588
453
197
711
752
563
210
841
395
627
480
771
591
177
175
800
742
100
592
869
181
411
652
153
212
970
662
718
538
893
124
604
691
184
198
513
12
896
354
441
485
200
15
82
423
356
55
707
839
495
36
694
232
717
519
251
928
714
917
270
92
883
916
620
722
995
577
666
614
573
513
765
438
796
953
654
913
934
426
828
810
466
881
863
958
384
748
871
988
366
677
690
762
971
986
32
124
462
762
954
515
164
722
790
936
616
92
500
265
133
338
776
485
353
619
135
673
297
797
959
669
539
821
330
266
697
230
281
493
664
529
664
762
802
116
106
159
872
949
628
213
487
670
812
571
216
868
228
363
513
947
634
594
520
716
809
398
944
438
710
806
638
122
332
314
174
329
345
606
327
274
792
544
821
694
944
801
546
354
691
2
652
670
166
152
456
719
319
12
569
475
83
619
727
191
634
369
167
488
853
567
466
479
884
62
779
563
354
469
799
626
234
732
154
675
359
376
135
530
602
481
134
276
329
610
751
67
359
978
610
167
816
496
188
650
574
897
818
357
46
358
602
755
265
697
302
253
934
365
286
447
18
266
860
825
899
502
582
149
296
409
743
55
196
757
148
404
306
515
134
528
212
5
589
110
557
998
200
117
137
342
642
598
596
162
445
471
393
755
695
379
301
228
284
249
34
560
588
293
97
936
952
896
136
914
691
517
765
115
827
531
305
198
743
80
281
221
881
541
420
764
165
445
277
940
223
335
175
861
886
126
123
6
860
161
222
187
558
975
303
978
878
454
565
94
556
601
692
108
580
161
209
984
273
570
786
491
444
408
866
951
72
901
913
542
905
204
743
916
607
919
600
2
84
533
738
134
171
857
310
810
911
154
30
554
885
797
824
580
267
822
506
615
440
336
606
287
760
881
549
454
394
259
688
566
737
8
530
316
538
74
466
872
798
865
753
376
858
720
125
866
831
850
875
206
133
394
508
379
961
979
829
945
773
765
370
578
339
152
150
254
232
396
380
783
294
98
511
33
548
700
54
617
969
577
975
452
920
888
542
828
641
360
248
641
515
958
253
441
254
309
955
900
8
210
521
679
97
237
317
576
872
319
758
460
442
281
639
795
277
424
853
60
599
854
708
42
316
652
380
370
657
607
973
299
253
556
283
10
442
920
686
918
311
91
497
702
875
19
797
955
213
582
438
487
121
871
450
852
109
954
650
567
941
509
605
578
573
443
263
117
118
986
175
32
668
385
653
103
434
441
680
954
290
573
971
899
732
935
945
312
609
968
950
860
748
252
354
841
762
205
980
748
473
650
254
476
787
594
872
611
584
175
519
876
356
542
884
495
711
100
791
392
819
17
909
402
164
52
560
179
854
520
832
372
81
253
624
118
464
375
692
864
63
625
430
810
711
883
52
866
869
334
457
709
832
215
768
388
15
335
130
295
838
152
368
235
704
442
841
43
959
148
395
140
90
427
983
302
540
514
299
473
877
515
334
362
201
94
353
126
191
310
773
605
858
375
970
676
263
779
144
715
706
732
88
238
401
66
911
165
416
972
721
176
830
958
177
966
19
841
198
819
245
665
672
444
504
43
902
268
363
102
315
364
710
972
744
448
496
632
370
956
722
352
474
770
437
613
424
831
292
693
436
667
300
560
390
995
177
108
30
440
969
397
771
695
446
689
36
449
414
197
406
274
233
84
748
10
472
942
503
811
196
5
741
459
852
529
608
761
543
847
801
184
842
305
129
760
193
693
983
240
159
69
121
218
642
860
713
506
214
959
615
811
669
127
578
415
451
597
280
600
636
626
873
239
807
385
474
870
398
322
934
520
799
850
228
755
66
467
159
911
570
632
263
132
144
320
915
886
143
56
590
636
994
314
604
64
285
772
588
256
901
259
888
576
819
515
380
953
247
320
479
460
329
162
480
494
221
309
525
237
70
645
854
961
168
843
372
42
762
873
355
810
290
545
78
271
217
199
631
384
677
179
45
338
782
693
126
926
523
587
217
381
319
749
3
300
839
213
925
738
507
547
627
494
154
622
264
979
67
206
426
273
800
627
24
986
668
174
27
592
860
491
925
384
304
565
388
554
828
518
580
909
454
621
806
876
847
102
984
636
755
101
356
651
10
883
379
985
179
607
424
177
225
194
325
790
522
676
847
644
570
535
418
455
21
485
283
700
283
506
624
344
145
819
408
134
304
362
515
889
477
201
497
743
748
633
442
358
324
180
552
544
281
898
596
73
607
642
984
1000
561
256
339
773
707
503
896
591
970
749
603
533
296
314
906
468
912
26
926
948
326
341
175
956
65
219
423
190
743
689
817
399
612
117
60
539
888
256
161
329
742
754
87
57
130
307
692
231
562
862
187
16
217
65
73
387
896
740
781
723
516
882
263
761
764
872
605
531
552
637
630
437
263
78
910
242
906
770
599
329
579
438
269
194
317
962
193
185
501
462
287
87
959
431
383
955
295
233
91
339
408
228
597
296
760
935
121
915
134
860
662
227
476
958
339
715
128
383
666
221
154
601
1
8
52
224
510
612
360
102
755
534
928
953
363
414
862
429
764
949
609
811
968
979
178
573
429
424
852
935
442
282
593
91
84
287
169
735
296
243
128
949
840
383
705
535
685
823
167
456
288
321
292
628
617
634
485
307
710
526
132
374
262
677
241
403
611
249
353
30
634
894
962
729
213
271
52
50
53
10
845
796
198
504
426
149
642
725
122
395
756
352
262
693
484
413
842
946
426
881
249
375
185
216
352
657
331
544
110
698
461
858
976
793
210
321
73
383
586
391
439
677
3
543
371
541
792
45
219
943
688
462
713
623
308
339
178
74
126
872
14
438
80
425
602
256
900
445
162
691
423
580
891
534
615
599
136
544
547
574
512
127
801
958
259
364
220
626
576
364
530
800
809
377
331
281
92
151
387
309
545
356
311
532
538
480
475
12
397
540
563
113
959
594
270
65
331
560
395
1000
422
251
846
156
957
493
406
290
413
383
294
634
728
619
428
615
890
698
383
225
323
406
419
985
457
519
904
610
132
592
572
849
569
419
539
379
715
832
245
376
844
24
520
751
899
748
383
135
994
150
799
534
458
797
300
409
705
137
70
782
983
427
620
87
725
555
933
6
492
175
391
230
464
385
940
41
80
642
653
24
483
208
452
941
764
986
429
213
914
636
255
322
297
712
482
142
191
643
353
357
347
732
738
268
984
552
171
74
550
723
655
811
778
428
505
353
233
579
491
995
680
308
120
844
195
724
407
313
113
456
514
847
505
319
597
461
743
632
814
197
375
774
316
847
549
778
314
874
478
690
2
251
968
777
318
622
654
871
193
551
666
17
31
597
376
547
747
780
909
805
278
53
702
327
200
881
195
267
84
726
906
945
630
28
201
89
6
331
679
398
779
629
990
912
90
200
458
75
297
141
839
347
123
879
289
322
242
580
987
504
804
364
49
818
748
774
264
177
844
269
234
854
555
200
890
848
215
15
488
268
368
177
451
279
199
359
467
797
120
24
232
492
755
437
372
406
73
364
6
794
386
6
770
580
971
892
479
440
493
654
578
89
131
839
218
395
430
610
220
31
579
22
158
580
260
737
709
503
317
20
328
295
944
884
45
741
277
928
594
827
803
345
606
170
844
916
316
60
490
571
714
657
875
187
688
542
657
716
395
65
786
40
803
902
543
625
593
714
882
340
325
509
988
683
211
977
880
905
936
433
447
213
768
671
574
890
234
804
430
304
847
399
150
538
688
698
436
79
634
530
819
621
230
410
6
873
744
607
345
891
606
834
176
267
807
361
52
613
651
297
48
921
192
704
660
580
507
523
760
135
804
688
621
967
860
446
136
531
738
32
193
526
586
525
56
422
266
101
125
813
274
204
902
468
939
539
434
887
189
299
680
964
117
680
93
952
262
303
987
733
534
175
104
686
888
604
877
811
623
94
203
654
729
103
290
813
747
273
889
504
746
463
144
4
54
840
773
84
51
930
141
410
811
980
595
410
696
996
169
778
164
704
528
808
602
163
684
680
815
525
719
802
817
913
249
192
842
764
186
289
205
558
847
772
847
598
845
380
996
260
309
489
196
324
41
753
721
206
369
240
450
970
585
273
539
390
42
461
829
199
271
553
267
848
106
113
731
314
632
372
157
412
103
724
89
979
128
419
511
639
51
625
696
484
371
281
235
303
859
420
798
550
645
957
834
788
95
967
821
973
33
532
592
493
264
33
755
567
133
182
846
428
914
957
257
195
113
182
694
656
687
205
595
687
404
905
985
491
792
32
765
141
369
400
755
975
15
381
308
335
784
18
405
835
388
82
631
637
706
858
141
400
231
494
952
