995
991
989
981
977
975
973
968
967
963
963
960
952
950
938
936
935
934
931
930
929
928
924
921
917
908
907
904
904
898
896
889
882
877
869
861
856
849
847
847
834
833
833
827
823
808
806
806
804
795
794
792
788
785
782
774
771
760
756
753
746
737
736
709
709
706
700
694
688
682
677
675
674
670
667
665
660
641
636
630
617
617
602
600
588
587
583
583
582
578
578
578
568
561
559
557
552
550
541
535
531
523
511
508
497
492
492
474
473
462
451
450
448
434
430
425
421
416
412
408
407
402
395
390
379
379
359
339
333
332
323
311
307
305
304
304
295
293
286
285
281
276
275
270
270
259
257
256
249
246
237
233
226
219
216
216
210
209
203
198
191
185
180
179
169
165
164
155
154
153
147
142
140
139
128
126
123
110
107
106
104
99
98
96
79
73
68
54
54
48
45
44
43
38
37
37
35
34
27
11
