4
32
38
41
43
46
48
55
57
65
66
66
71
77
80
81
86
93
95
98
121
130
140
150
157
163
170
176
180
184
184
192
201
204
205
212
213
213
220
222
227
230
238
238
240
262
272
277
278
289
291
296
298
299
310
311
313
314
333
337
338
341
346
348
361
363
366
370
370
375
377
377
383
389
395
399
401
403
405
418
420
425
431
435
441
445
449
450
456
461
469
471
475
476
482
485
486
491
497
498
516
520
528
533
549
553
556
561
562
577
578
579
588
590
592
602
611
614
615
616
616
621
625
632
632
641
663
663
666
666
667
669
677
683
686
687
696
698
699
709
715
718
724
729
730
749
749
753
753
757
758
766
770
779
779
783
785
787
788
789
789
792
794
796
805
815
816
816
830
835
836
840
843
849
856
857
859
862
865
878
880
883
889
905
907
915
923
936
938
943
947
951
955
960
962
964
975
980
987
999
