271
852
736
389
911
64
494
578
734
538
380
896
746
84
552
173
606
760
754
703
60
17
111
621
304
578
235
905
234
387
433
244
625
658
201
342
893
363
743
686
988
544
788
425
162
758
674
879
789
740
719
79
442
943
522
824
366
774
591
341
659
993
15
359
936
597
147
545
527
66
993
902
619
7
377
28
122
910
41
278
319
719
256
825
122
574
840
73
436
414
50
115
917
600
712
43
529
919
351
733
863
829
148
775
757
169
140
92
60
234
941
904
794
743
376
811
50
716
21
346
935
171
360
31
347
653
407
833
891
893
214
897
810
21
574
976
150
957
697
136
219
415
191
117
172
325
744
422
307
999
546
920
893
82
235
65
963
683
283
147
214
159
470
643
48
178
996
928
734
770
707
897
863
397
592
968
516
337
191
364
997
838
945
342
622
440
621
545
504
639
40
748
529
742
265
346
999
674
163
780
101
28
577
347
860
265
852
998
395
328
718
795
942
607
208
127
302
217
423
130
162
756
600
649
66
359
620
894
847
708
250
9
585
180
774
773
400
325
297
782
304
96
773
497
828
334
622
184
787
267
734
412
766
127
712
909
693
618
565
262
698
611
812
54
908
867
850
225
71
190
831
59
378
800
709
92
617
93
702
398
508
684
802
450
49
550
749
857
834
498
789
608
718
878
769
487
739
654
613
835
926
671
253
249
26
792
466
525
696
86
667
963
640
88
808
499
989
674
573
73
122
525
683
680
114
768
461
57
510
227
529
768
809
497
438
1000
58
560
239
995
261
14
90
880
704
401
83
689
545
28
491
835
799
345
652
909
876
679
49
423
360
6
619
49
273
814
759
614
427
117
799
963
999
879
387
853
714
54
101
24
621
860
58
74
615
255
842
644
152
579
406
925
523
506
451
264
90
746
431
987
729
983
449
19
674
121
402
61
545
103
956
408
810
111
932
295
420
49
970
185
977
647
202
402
412
68
384
736
633
501
396
763
665
543
59
881
615
579
777
974
111
152
114
963
887
474
617
555
836
352
385
686
312
519
278
189
1
693
391
207
280
518
312
425
168
980
927
718
228
324
482
277
855
229
118
120
646
276
774
649
76
154
925
303
513
224
931
961
96
688
854
597
682
529
878
177
860
567
353
765
6
684
510
201
44
53
155
253
403
697
857
30
795
794
295
89
376
701
958
189
841
845
553
40
113
30
439
299
848
201
222
751
734
918
406
678
645
953
816
6
209
437
500
262
775
889
332
884
867
651
423
205
264
802
963
643
436
584
783
728
451
460
261
771
470
314
293
569
48
432
257
792
65
147
878
534
129
175
445
789
622
161
796
227
693
884
994
754
768
393
756
796
767
684
327
879
622
111
682
646
305
833
90
842
684
716
469
135
142
332
77
155
803
306
144
301
43
919
20
773
4
843
777
375
21
204
409
562
195
840
970
588
407
632
984
904
139
360
578
279
297
630
730
233
703
173
372
694
35
293
602
12
320
619
122
570
558
690
151
217
181
156
593
164
88
698
361
772
334
589
577
526
298
424
826
896
899
358
803
220
368
395
671
77
741
41
491
945
932
170
852
831
895
863
345
530
843
578
762
767
385
761
750
476
6
812
100
124
988
655
928
294
659
25
285
432
842
992
956
2
214
839
110
827
393
78
210
579
351
492
206
61
322
781
116
949
231
598
274
77
334
783
831
606
685
542
822
268
281
175
702
406
670
642
65
133
994
184
617
162
679
450
864
227
310
723
801
110
48
96
841
843
325
386
490
18
128
331
522
858
962
100
302
311
333
295
834
223
734
626
443
168
633
984
285
172
763
200
35
918
684
667
691
74
710
380
695
880
100
559
970
942
212
290
718
710
524
498
151
419
417
307
79
961
608
462
17
981
334
227
191
699
379
975
675
854
594
861
558
739
594
282
479
26
455
440
42
193
530
252
188
931
425
490
971
379
1
15
235
526
901
921
725
776
871
560
865
389
642
196
457
430
906
471
661
235
213
195
598
549
754
560
949
699
238
387
566
760
303
395
7
970
695
872
242
237
534
640
616
874
391
65
897
279
351
834
291
44
380
613
993
451
191
169
494
691
813
189
85
574
956
718
324
931
768
606
267
540
606
905
228
320
15
493
507
125
700
951
719
661
942
128
227
536
596
386
504
383
136
630
611
635
989
102
878
444
814
218
475
937
973
987
575
66
905
291
291
130
645
47
447
693
122
828
155
970
409
874
739
557
27
344
844
818
103
559
50
562
543
396
828
371
856
303
59
162
32
618
648
67
756
394
767
51
329
303
219
310
623
256
957
47
989
384
427
11
992
48
236
242
226
819
390
360
61
410
193
821
695
919
101
368
352
33
202
965
352
583
409
498
875
348
946
166
382
937
762
148
882
255
346
328
331
848
655
811
31
207
459
371
331
162
821
419
801
633
188
45
477
616
646
952
786
538
670
508
490
19
375
982
845
130
965
131
277
575
119
892
530
6
91
382
672
308
820
206
69
297
398
48
381
661
79
661
748
702
781
567
757
605
101
772
299
287
613
554
753
251
132
486
561
735
980
696
881
496
451
235
981
651
828
682
445
265
810
405
775
515
495
165
413
791
241
493
885
18
320
576
144
880
943
51
343
972
446
862
98
370
971
352
948
839
835
424
191
835
675
431
683
644
464
566
143
276
129
210
457
96
305
837
603
883
342
235
500
618
634
171
93
184
195
168
108
639
549
479
559
607
477
207
31
651
779
966
21
33
421
496
433
716
781
439
208
809
215
941
146
768
972
565
373
73
96
668
992
742
264
600
702
371
414
168
508
341
750
45
67
578
182
974
532
528
835
812
49
468
702
269
506
900
64
906
685
557
161
495
861
6
277
228
937
108
410
925
65
101
981
429
421
255
93
573
192
991
96
244
767
726
577
475
522
271
196
683
534
47
534
309
182
200
141
224
449
162
288
23
635
259
756
282
647
28
148
279
754
470
361
37
422
371
9
759
190
664
849
320
602
747
518
487
463
108
498
847
792
366
742
249
571
1000
347
758
80
953
763
464
122
304
295
508
321
168
722
795
188
736
306
960
548
113
301
863
425
218
999
892
116
733
576
294
585
570
989
337
743
493
731
787
645
70
978
25
63
838
428
437
923
863
607
739
460
960
433
393
988
140
779
651
551
579
60
29
751
672
674
94
192
36
782
845
388
669
778
877
288
734
36
530
201
122
711
427
229
821
655
462
315
690
806
733
145
628
236
736
202
764
100
160
615
9
171
431
993
902
659
895
33
711
613
155
599
503
981
310
443
241
232
700
160
395
627
268
831
577
544
858
687
701
263
784
965
773
582
608
888
411
391
116
129
556
52
621
491
97
286
257
293
905
897
400
592
743
762
153
801
853
721
826
995
213
931
847
115
468
230
507
780
594
944
779
691
673
68
17
326
176
803
311
684
770
326
582
898
431
552
832
483
519
75
323
755
767
155
290
358
590
549
28
497
592
250
844
24
115
369
276
456
106
394
857
522
662
669
413
49
996
188
695
361
571
78
964
561
605
348
495
939
579
26
124
427
406
938
979
719
544
839
402
135
386
827
925
865
987
730
143
3
727
359
717
876
273
756
686
735
491
837
129
392
36
956
510
827
148
912
531
861
105
548
96
717
58
497
612
152
115
92
820
480
470
953
524
416
350
717
126
925
628
846
31
277
770
25
891
36
263
987
410
574
241
737
612
441
698
230
948
492
426
358
419
646
293
927
259
520
386
862
446
648
313
209
422
944
5
60
300
749
296
95
791
400
780
89
48
828
864
120
73
818
429
195
691
825
875
558
356
526
319
758
793
352
785
174
551
997
916
523
551
968
323
707
85
7
463
521
95
81
406
90
528
680
755
904
9
243
951
703
735
748
887
798
977
796
386
521
268
79
634
267
934
458
291
205
39
93
939
817
285
927
173
42
202
378
580
26
629
298
754
755
474
478
877
684
108
86
628
796
499
738
176
595
846
863
963
886
273
304
845
597
550
150
95
8
41
533
244
365
832
240
320
395
840
587
429
978
366
485
437
525
839
30
509
655
225
338
136
618
165
207
879
267
247
79
704
876
834
17
231
779
629
3
55
548
901
168
357
997
707
208
204
822
499
673
94
207
554
159
571
429
50
273
657
33
934
496
479
596
764
2
906
735
965
356
926
779
543
286
205
175
370
58
956
600
401
98
903
456
533
998
901
88
159
968
745
630
540
811
388
805
437
756
38
17
248
893
970
826
18
293
244
952
121
219
536
365
940
382
894
484
391
758
905
304
254
685
641
122
924
599
783
983
567
824
867
846
370
438
878
349
959
691
690
253
700
509
411
83
157
332
980
177
53
429
23
457
751
555
364
768
403
457
452
903
272
670
865
51
493
163
655
463
263
589
754
70
838
535
660
532
607
474
234
769
402
812
157
708
390
246
419
824
448
969
828
528
211
508
935
650
910
133
44
74
968
25
604
875
444
230
363
672
98
859
13
874
544
582
826
863
948
359
220
443
516
569
199
607
293
349
377
842
728
702
502
849
822
545
41
633
39
189
189
87
798
289
942
946
702
317
221
269
814
97
201
413
803
801
656
902
321
911
824
598
165
928
709
213
449
828
126
746
440
540
643
922
200
117
485
204
724
39
477
222
455
952
678
354
552
491
573
744
61
661
614
78
39
444
406
445
786
840
970
120
225
815
524
110
673
766
730
186
551
86
274
912
706
676
47
593
633
442
10
577
536
102
444
293
82
500
702
83
593
772
140
900
191
807
430
744
333
634
616
339
948
827
291
736
750
257
821
357
858
745
438
166
547
358
543
804
588
816
644
310
358
890
357
287
942
645
943
82
209
98
911
606
17
444
658
246
273
408
763
113
506
176
331
984
755
753
14
880
5
563
210
177
196
164
507
875
509
709
670
976
149
319
708
358
373
42
459
277
901
461
559
155
487
237
213
954
522
947
692
298
656
585
185
638
875
290
975
858
273
830
21
672
679
862
829
734
88
783
416
986
822
780
924
2
2
226
745
959
975
158
972
682
417
765
170
549
532
745
60
137
141
756
323
15
176
613
262
83
155
238
297
689
499
209
628
936
654
809
304
123
507
624
208
1000
807
172
406
335
350
326
304
429
963
222
877
508
438
699
374
800
854
438
483
442
577
110
57
535
827
277
585
793
152
533
453
919
330
635
157
381
862
387
298
845
305
165
311
421
292
646
748
242
274
412
905
780
255
764
308
403
677
730
700
632
555
879
115
943
964
837
120
289
352
114
641
141
976
81
796
726
126
414
55
913
443
725
398
614
695
344
364
922
791
102
301
344
197
125
351
75
743
611
747
546
894
249
177
354
264
889
474
726
624
335
297
381
705
702
638
218
946
911
951
309
322
355
617
616
164
572
274
337
207
161
940
935
702
964
685
609
305
965
613
542
432
15
254
492
388
75
551
769
763
228
822
573
165
935
760
861
823
220
768
977
934
745
264
485
323
931
333
153
609
664
172
35
313
160
269
502
988
488
349
207
16
19
973
968
683
44
609
407
414
347
893
858
270
417
205
666
391
701
156
860
844
951
170
184
129
17
876
363
197
309
746
85
999
954
688
953
383
190
540
57
90
232
167
645
669
411
275
766
247
78
130
206
617
265
343
452
631
43
64
729
204
639
460
671
468
596
513
515
528
188
986
472
352
707
507
983
260
619
904
159
846
896
551
302
804
983
771
775
622
787
33
497
835
435
214
913
755
307
143
887
728
755
993
656
923
748
524
293
810
321
957
515
534
578
376
936
241
114
529
234
737
713
347
656
725
184
275
281
462
445
338
233
848
789
786
863
85
109
763
301
191
68
956
93
911
144
175
71
944
690
305
807
215
678
848
154
80
825
365
899
657
709
675
756
699
501
322
552
621
437
403
505
31
377
457
816
969
606
832
110
495
750
375
894
637
863
975
536
548
917
52
646
345
290
765
459
138
866
789
917
893
341
660
78
500
295
488
591
939
954
957
247
265
228
37
393
444
559
398
801
91
37
366
550
296
953
606
697
317
308
22
951
953
859
133
461
729
377
968
337
78
28
626
100
277
703
228
326
662
203
823
906
910
15
203
171
633
371
948
633
131
594
762
629
404
113
809
200
649
66
33
119
189
183
264
719
967
302
28
991
470
651
148
746
488
490
387
344
260
523
575
957
99
58
799
624
543
841
44
803
107
128
590
470
225
944
339
393
428
671
526
482
103
535
443
113
533
28
541
285
374
368
13
296
403
416
741
983
488
278
149
841
395
882
908
84
153
667
184
629
189
249
267
295
597
230
548
175
975
15
650
741
820
320
173
929
652
244
240
279
794
718
846
747
543
189
134
473
844
797
667
966
343
343
146
742
917
484
862
372
417
226
398
97
296
772
389
532
476
298
614
690
777
48
24
185
954
981
763
256
437
387
401
45
393
571
714
636
908
348
447
88
491
496
793
209
887
215
727
460
141
849
83
398
845
580
257
237
306
411
252
823
359
132
910
159
292
883
46
820
63
58
833
446
650
524
794
190
628
501
832
121
424
8
471
587
32
58
881
247
956
149
368
100
240
24
641
504
211
758
813
80
552
974
870
751
564
42
120
838
6
724
230
717
333
55
590
123
496
732
603
174
673
345
744
14
679
599
350
139
978
492
669
663
162
705
272
41
550
62
149
404
316
9
874
723
194
959
309
67
515
493
158
312
63
160
742
87
189
115
783
201
407
219
522
413
464
672
741
694
802
6
100
800
805
322
753
760
468
556
72
358
757
401
488
586
901
51
560
645
737
825
982
212
697
747
959
285
529
367
387
103
25
50
835
834
304
481
231
601
832
707
819
767
708
422
794
91
660
485
436
479
806
45
560
646
602
164
848
81
802
3
974
285
119
155
636
589
663
143
833
493
103
397
229
229
262
862
611
862
470
366
591
958
363
273
415
756
202
306
183
404
485
916
812
749
674
171
851
307
230
287
991
381
429
856
647
326
557
203
762
522
154
131
554
970
699
953
368
557
507
530
279
841
99
436
189
902
886
427
295
842
321
660
512
462
510
256
323
328
678
59
763
796
959
833
835
114
729
443
710
893
137
250
565
529
794
392
701
11
93
1000
962
830
804
377
979
95
122
467
258
583
372
286
194
76
860
344
504
872
532
487
232
601
173
357
865
424
748
660
458
485
466
41
802
602
277
375
362
351
35
675
753
730
6
339
460
341
331
957
941
922
996
445
417
624
509
507
240
590
310
691
558
961
117
262
951
978
98
900
213
897
842
681
933
214
279
803
656
68
831
782
974
942
717
848
352
287
460
346
630
514
981
617
208
586
758
552
263
627
256
537
534
303
683
951
466
122
61
98
191
27
470
956
988
221
722
759
918
980
871
604
968
331
746
597
261
739
532
487
37
210
350
857
438
761
78
247
329
411
349
511
937
272
661
658
15
830
87
308
506
420
479
568
982
739
560
762
9
850
470
262
187
74
878
639
976
952
397
534
743
699
793
126
77
868
541
577
11
435
356
713
835
178
3
488
824
752
659
258
752
604
15
897
303
962
297
691
540
493
128
158
180
643
658
101
179
822
889
321
531
807
919
962
18
637
357
419
221
955
624
284
249
573
526
202
200
409
406
519
65
339
69
316
468
472
592
424
591
981
822
813
574
600
368
360
300
409
468
355
242
768
89
375
243
232
243
13
132
284
899
879
113
235
299
759
879
338
893
500
268
700
747
62
969
399
24
796
900
369
249
96
389
897
295
649
53
599
284
593
288
110
217
95
342
258
128
61
808
913
198
210
391
569
205
238
996
838
710
18
647
916
282
746
316
794
206
956
646
678
46
162
244
25
273
664
768
257
940
688
677
945
60
55
103
831
823
611
36
809
175
654
877
421
990
56
574
970
790
605
783
759
251
942
859
886
368
386
194
558
756
493
516
625
971
693
817
951
181
704
733
868
188
910
985
174
465
408
998
884
689
968
574
241
768
530
394
49
795
968
483
34
508
287
794
132
334
129
156
782
321
401
814
892
185
726
545
11
940
844
377
76
8
89
564
965
852
321
213
335
804
777
651
523
207
254
409
237
354
11
809
783
961
124
164
211
673
127
746
139
318
393
592
336
729
594
335
499
355
440
464
697
110
18
834
858
568
70
253
987
640
875
521
440
211
728
541
419
360
762
934
879
792
767
689
871
555
83
303
73
100
610
768
187
499
467
324
657
668
759
332
982
673
750
431
229
362
462
194
177
877
91
753
671
631
176
438
517
834
327
871
706
135
64
208
887
408
554
21
121
959
215
948
298
777
889
857
151
354
880
618
24
935
448
329
930
143
863
705
942
304
111
975
492
15
207
640
874
245
343
280
40
357
557
674
247
809
837
490
448
755
179
316
260
750
811
81
260
174
570
733
500
221
681
905
483
94
372
865
187
761
596
427
629
112
302
934
105
584
254
288
426
925
805
275
915
569
62
173
622
573
137
546
798
605
68
849
706
231
721
571
855
953
161
650
189
151
440
377
154
45
233
669
442
35
374
536
730
434
190
407
687
972
254
100
230
255
947
653
495
745
107
702
838
56
341
148
605
601
530
135
904
544
404
741
57
7
597
163
80
473
39
562
268
381
879
983
540
968
706
426
617
718
892
945
752
794
656
846
569
144
79
527
55
295
577
882
867
126
815
548
278
69
273
687
543
179
247
457
922
268
603
949
21
867
355
220
680
419
190
440
582
766
800
493
953
916
379
641
496
918
279
510
181
713
378
262
180
664
971
613
281
770
833
502
980
858
360
305
772
726
345
37
987
638
296
670
397
478
688
94
301
214
465
695
139
531
463
196
719
650
557
119
172
683
628
710
55
265
458
947
767
591
144
682
710
73
691
383
158
263
20
225
597
53
457
962
958
529
176
973
403
544
579
775
306
394
301
273
607
111
990
307
795
38
545
54
341
922
790
210
566
543
711
872
805
502
174
296
940
649
765
688
262
248
113
71
857
773
522
845
924
483
883
239
424
644
736
809
719
299
402
380
846
335
867
820
854
755
844
876
94
686
1000
841
542
202
191
226
603
919
970
501
863
400
740
938
796
227
882
373
53
55
165
988
617
290
679
698
507
127
256
753
851
753
427
486
827
166
193
698
788
109
800
347
674
739
681
229
866
371
54
797
860
359
450
635
258
692
291
84
933
923
26
550
297
483
262
673
955
167
538
948
545
334
288
912
400
927
991
274
757
149
237
665
426
549
574
759
649
824
368
526
434
26
532
294
177
36
693
872
813
545
368
551
491
83
443
738
759
960
583
762
994
301
700
342
369
706
869
816
311
384
459
412
19
370
399
570
635
565
474
407
988
256
280
966
804
683
78
987
726
118
569
37
339
38
152
501
689
505
189
819
413
179
154
748
117
659
679
464
125
659
444
951
718
387
193
912
28
698
473
307
737
961
366
729
806
17
985
999
182
253
920
116
587
712
698
839
72
929
251
939
125
204
238
990
575
586
447
332
416
119
127
220
360
897
404
752
200
179
57
637
350
470
102
233
987
609
309
652
914
969
261
841
546
982
891
192
320
332
426
533
815
590
130
586
253
896
295
348
525
312
160
560
925
287
561
861
345
921
939
175
698
735
296
510
833
385
904
846
948
857
722
640
89
56
415
620
866
947
868
658
820
599
217
280
909
114
901
278
94
514
909
261
96
12
272
646
573
50
284
622
398
846
795
115
503
640
840
20
502
935
785
189
130
750
559
680
779
981
219
935
399
145
679
374
650
717
401
996
734
199
503
914
227
607
483
257
578
789
77
206
466
78
876
522
527
912
906
947
709
725
554
449
469
664
468
472
219
52
262
212
33
574
81
311
512
137
847
371
586
771
178
896
86
735
979
402
707
414
901
190
431
497
592
858
616
548
506
305
289
956
492
808
755
514
320
583
433
773
974
715
237
42
740
381
2
886
805
210
601
601
443
763
921
326
715
560
647
601
348
519
270
342
558
199
533
782
609
438
670
830
591
119
503
708
179
976
604
527
92
674
752
231
270
729
217
364
315
631
586
752
460
229
115
37
488
588
632
708
617
27
615
168
704
427
95
468
171
884
128
787
527
666
566
940
362
256
206
678
671
766
264
369
507
365
169
279
635
701
535
716
882
787
706
756
37
623
467
604
190
581
402
616
700
501
281
58
865
515
904
105
854
927
540
775
523
732
64
308
148
175
190
285
345
251
220
218
700
399
55
319
870
741
828
28
495
355
621
946
86
944
540
156
147
831
452
320
901
144
762
365
406
480
950
535
169
224
914
972
473
358
711
383
773
604
452
712
39
96
59
270
976
967
697
98
81
536
603
973
540
755
526
377
561
748
314
443
461
644
690
289
351
891
384
844
637
382
790
29
765
906
534
622
453
776
118
347
765
83
153
874
787
813
791
360
847
194
175
901
302
708
722
443
379
850
317
390
457
442
157
498
64
631
408
6
577
809
393
408
458
149
329
854
862
93
176
474
470
322
442
297
301
192
373
811
451
989
428
108
926
864
196
687
3
761
876
891
965
96
532
767
807
790
750
130
993
913
293
344
426
64
183
466
945
740
715
778
798
35
110
714
597
295
837
148
427
16
755
368
634
326
60
100
887
837
392
78
160
315
841
43
105
713
14
745
705
192
355
436
320
367
991
911
922
194
557
817
583
609
960
721
44
645
143
259
192
467
325
317
504
836
401
383
328
948
59
122
84
656
77
857
784
903
165
958
200
222
710
106
872
977
834
261
376
165
542
775
560
559
84
26
586
397
675
730
69
888
11
264
506
67
595
500
471
857
333
997
457
918
965
163
972
583
4
444
137
923
637
153
613
597
452
612
217
593
705
845
287
37
984
870
454
755
565
777
964
919
30
300
354
311
277
95
707
491
665
560
673
632
811
684
109
503
691
281
510
440
727
351
823
903
823
960
458
477
773
170
29
341
965
864
595
510
840
274
909
160
605
354
968
108
699
360
392
796
435
987
910
627
4
703
65
944
203
343
343
766
562
129
963
644
213
304
170
296
959
619
606
989
759
829
467
266
601
250
961
194
160
1
47
343
759
146
992
274
963
635
819
725
162
116
261
429
713
302
755
737
868
795
175
735
253
712
963
211
272
916
289
377
892
518
714
981
872
810
523
152
511
442
644
532
365
854
354
262
501
374
670
55
904
972
46
285
999
488
23
486
842
300
44
161
879
244
644
783
180
785
418
275
939
488
950
22
32
23
692
953
133
182
333
280
332
406
70
3
107
818
279
335
178
267
583
576
683
158
794
397
578
963
982
287
280
180
662
448
542
813
126
744
172
962
953
219
595
638
891
328
533
174
951
142
428
595
143
51
500
104
663
257
791
406
703
621
94
635
967
15
230
650
416
913
889
974
943
754
297
799
295
444
680
532
76
455
356
152
90
341
553
258
282
83
463
127
472
442
801
82
191
726
442
439
228
130
465
955
800
23
722
920
449
173
205
847
104
737
538
511
238
166
740
211
47
382
29
209
38
657
749
289
470
651
653
312
131
733
857
691
903
450
633
73
512
885
537
746
555
221
746
650
914
689
537
486
960
937
186
627
980
615
620
807
883
258
578
895
755
564
963
196
432
111
108
231
507
62
904
287
439
851
335
318
458
930
262
957
573
777
410
752
698
334
220
104
394
297
654
939
152
781
988
210
38
608
47
280
911
2
447
804
353
942
244
905
848
237
683
426
945
789
300
867
251
674
16
978
408
704
133
528
657
666
285
970
978
602
551
795
321
988
411
588
189
704
589
110
889
763
305
515
869
79
590
163
988
241
427
974
196
886
746
182
339
412
689
192
964
660
420
271
783
874
699
458
88
874
689
854
204
774
918
625
78
310
529
54
125
813
564
694
570
220
428
886
975
206
352
39
401
754
413
832
544
126
971
527
720
824
381
906
519
178
392
368
101
25
742
963
569
547
659
695
231
601
142
729
417
427
814
860
35
905
223
402
938
732
391
159
27
681
360
316
108
996
719
350
715
778
730
296
619
759
633
712
708
6
760
485
545
994
129
429
775
825
846
678
378
89
168
281
668
372
875
255
177
842
515
834
932
837
506
502
354
49
566
896
428
794
778
862
764
851
446
877
641
294
410
716
778
975
871
947
433
9
75
771
319
838
649
560
625
739
313
38
543
972
825
741
27
934
436
759
769
247
369
695
513
293
811
796
84
477
466
804
175
36
94
191
410
417
835
54
217
623
178
588
315
562
2
945
598
484
812
295
645
17
689
19
526
990
180
248
323
962
445
344
403
189
843
216
544
909
337
765
648
399
850
875
158
509
395
58
961
938
603
352
975
314
360
916
676
573
54
988
801
777
286
165
48
796
119
269
345
771
623
976
47
550
622
838
700
243
501
856
475
566
487
491
984
559
843
602
721
311
608
830
277
899
437
308
778
391
549
97
944
531
548
584
813
574
796
4
752
237
205
659
146
236
380
132
398
332
913
212
97
929
93
143
624
362
185
234
634
993
63
921
925
440
999
474
665
428
205
210
601
418
17
168
549
860
666
594
919
484
141
309
216
51
81
826
573
679
784
640
90
205
493
954
192
231
565
94
587
56
431
359
766
150
42
676
629
994
680
366
773
579
189
652
624
844
590
230
304
265
451
666
4
3
564
295
966
486
984
152
212
983
490
659
775
570
764
890
173
621
99
179
846
483
949
36
299
519
334
401
842
512
689
354
129
694
181
315
368
748
329
309
981
280
307
116
364
726
892
341
272
394
63
398
82
236
920
45
551
104
801
688
334
956
82
770
710
637
397
285
964
646
54
674
9
798
960
838
848
590
352
114
259
251
698
307
272
550
511
899
461
894
102
912
826
892
938
1000
267
291
694
465
675
447
642
374
789
46
91
701
207
590
446
207
65
283
640
785
859
642
540
893
40
750
391
698
459
120
845
647
428
601
981
9
72
294
610
65
733
837
514
19
338
537
540
350
833
306
222
232
23
66
227
719
488
431
124
198
831
688
324
560
595
727
587
898
24
588
50
186
568
607
20
179
776
720
432
200
771
991
533
845
54
767
496
352
698
246
592
618
400
590
619
823
314
74
259
979
8
382
793
556
396
14
39
106
852
114
563
380
852
459
179
500
143
428
317
429
478
801
858
283
122
870
992
682
967
585
97
894
27
809
325
784
121
389
305
593
300
874
405
96
137
182
527
656
680
235
32
166
95
32
513
784
669
955
787
689
107
457
925
514
591
627
962
875
43
106
353
211
546
934
686
582
111
747
489
913
417
989
133
475
254
870
269
609
499
298
848
202
46
239
159
604
630
325
859
930
580
248
651
177
182
420
436
782
875
775
684
150
963
571
960
413
138
590
53
115
481
80
557
335
288
994
873
245
578
709
500
692
814
800
992
181
992
168
389
999
38
251
415
92
234
344
496
953
4
717
769
518
310
449
634
380
598
642
472
571
455
288
527
943
590
757
604
710
769
200
388
703
164
904
444
874
423
823
152
937
87
976
361
153
651
105
341
32
314
302
910
199
507
147
357
662
906
155
605
113
374
887
788
614
453
856
544
865
602
938
36
769
704
151
908
676
773
108
185
161
787
710
876
130
668
458
971
687
564
86
45
563
529
507
453
79
395
752
360
150
865
888
397
448
220
882
767
594
669
366
677
316
201
651
971
597
956
646
356
308
14
504
692
477
595
525
874
275
399
902
312
152
619
109
227
839
367
253
420
84
963
8
834
346
835
138
408
876
615
12
398
420
151
876
89
465
286
133
981
421
494
379
435
204
101
7
154
258
189
270
756
808
241
425
230
272
356
499
821
492
627
87
923
143
761
451
24
20
138
699
687
192
669
973
454
426
1
801
831
786
420
535
572
110
973
245
344
276
61
221
995
36
105
368
634
182
482
178
94
884
957
137
564
264
99
916
778
502
687
672
44
129
822
988
875
759
695
983
651
829
645
497
199
98
551
468
994
744
623
986
823
31
338
737
942
26
999
161
965
577
806
127
226
973
43
843
526
208
89
949
944
987
958
605
325
791
155
191
480
181
986
377
156
392
707
824
386
311
988
914
246
107
262
624
444
194
773
52
157
156
574
213
212
919
457
417
423
843
857
863
444
483
12
990
556
811
945
955
711
421
493
304
90
385
801
651
618
47
456
351
623
223
137
123
537
55
475
195
939
510
504
845
573
250
455
859
365
658
4
330
736
948
739
101
637
247
724
606
241
155
195
196
830
521
227
45
975
777
714
422
734
158
534
517
599
560
270
35
101
557
205
168
712
4
666
175
214
163
399
112
883
271
620
859
969
971
396
276
676
54
663
32
817
88
964
828
12
834
580
682
610
322
467
51
708
426
891
570
638
812
360
234
418
832
414
855
250
404
264
216
584
934
481
910
923
896
390
445
147
532
621
566
281
175
670
902
404
588
755
106
103
450
389
731
563
499
394
322
515
676
517
910
956
795
652
548
517
700
201
672
80
976
501
568
243
381
289
93
240
46
532
775
412
863
181
8
403
543
368
363
520
793
785
59
151
354
458
960
507
560
325
970
666
120
381
71
247
430
160
697
945
212
685
951
945
360
91
462
553
758
604
782
346
284
409
968
916
380
269
472
290
961
767
929
389
456
828
596
772
11
613
738
211
47
444
201
475
179
343
670
239
982
205
304
94
405
812
663
252
953
984
941
578
222
272
691
69
923
34
780
317
398
911
41
927
579
607
487
68
968
351
935
26
168
591
412
579
392
354
433
140
180
391
102
499
98
326
482
990
1
60
923
580
888
794
712
294
600
447
444
499
274
155
328
561
1
19
566
740
626
289
993
826
512
417
682
771
283
543
669
292
881
714
197
902
396
71
751
324
575
380
837
864
718
863
783
89
936
600
995
821
919
274
478
300
498
366
102
335
507
39
32
206
845
710
65
385
566
573
579
635
4
666
245
653
105
226
365
29
337
413
753
966
639
987
952
812
917
749
891
152
456
707
759
89
993
175
46
838
280
540
137
819
790
728
945
196
947
838
792
140
957
947
638
947
620
666
282
214
997
191
340
636
53
709
813
386
84
3
76
818
909
873
830
319
509
297
344
417
736
950
308
951
624
807
963
8
502
185
145
581
635
107
96
191
343
725
375
549
283
86
238
687
304
582
745
402
429
428
237
275
429
601
192
170
785
71
963
323
192
383
968
26
20
90
797
101
563
690
610
280
924
400
608
910
133
92
331
947
576
236
447
382
197
425
2
529
716
190
167
967
124
641
71
288
377
692
202
638
77
192
663
674
953
604
206
68
941
443
66
429
160
974
452
822
556
397
682
577
117
903
936
18
890
569
853
647
619
583
975
565
189
718
580
414
580
135
443
989
876
815
569
56
666
327
785
64
973
926
743
125
642
901
783
747
211
533
849
145
813
27
928
294
540
876
835
645
810
739
310
64
658
774
20
216
506
733
65
701
791
509
988
788
547
804
156
173
1000
840
823
160
737
964
529
388
757
794
257
660
694
906
553
742
874
464
633
709
307
305
302
620
103
902
140
508
773
596
48
853
314
242
43
505
657
544
621
655
905
923
572
116
553
926
433
838
275
857
926
26
307
985
980
227
248
495
196
92
980
709
524
937
125
209
275
873
342
347
521
635
912
851
955
692
175
390
308
960
326
584
947
921
804
121
950
252
626
618
9
753
901
899
858
163
227
988
950
925
175
150
376
113
37
378
791
58
294
1000
596
868
779
496
997
800
377
340
844
964
335
588
547
515
376
261
572
196
578
189
1
360
74
628
903
7
799
716
383
894
987
521
507
727
397
959
343
290
789
445
117
823
162
165
563
84
779
307
234
592
7
754
339
181
303
44
595
8
364
754
461
208
339
364
927
266
265
508
484
318
944
362
660
529
87
565
418
525
750
175
661
111
678
429
34
121
266
462
778
253
809
359
472
579
227
886
602
816
567
368
249
724
551
116
344
564
180
517
13
345
579
17
475
629
782
887
838
722
980
890
888
220
567
755
723
786
97
381
636
304
755
5
391
95
191
91
2
272
743
58
943
888
506
994
326
966
585
337
620
688
182
967
957
272
369
273
891
489
570
822
167
185
312
99
641
924
366
213
785
971
192
965
255
248
629
958
835
60
915
159
935
757
424
640
653
470
607
793
30
295
802
41
850
218
496
252
633
393
499
532
427
32
747
364
414
492
488
126
59
574
181
12
199
25
513
100
823
276
470
399
561
550
177
283
187
855
177
554
321
697
464
380
648
398
970
54
284
596
810
755
666
902
425
148
455
306
991
955
775
135
152
541
861
667
104
697
381
839
708
309
139
638
3
913
327
154
218
305
911
346
739
624
991
566
856
837
208
231
868
398
201
426
693
833
447
79
342
936
808
123
928
541
953
119
660
313
761
843
299
873
622
218
310
612
309
119
476
321
543
947
79
465
486
955
520
809
380
254
964
480
463
183
365
546
707
804
552
274
452
686
300
747
194
996
344
836
960
313
427
191
98
124
284
984
677
640
823
629
459
580
8
414
193
832
30
866
335
368
471
979
860
456
964
387
170
17
32
396
442
718
688
886
270
840
877
43
952
814
81
432
187
475
61
474
45
694
472
810
185
305
94
898
639
864
343
191
768
580
515
951
786
745
298
861
93
469
859
935
162
536
167
263
46
740
797
874
801
849
139
956
280
142
268
937
149
182
533
931
532
277
728
108
784
744
488
466
948
355
328
96
642
458
354
228
227
394
624
29
392
945
943
441
27
938
780
975
941
596
174
321
280
943
816
646
482
398
915
17
208
458
45
480
442
213
500
78
171
68
984
474
456
821
928
522
436
63
71
126
526
328
187
875
785
415
963
918
125
287
525
621
939
208
368
820
326
45
591
780
839
884
821
127
821
925
641
72
942
597
791
946
663
575
118
521
413
214
571
804
306
810
472
47
816
630
96
122
821
746
264
2
609
770
221
149
580
253
680
854
918
58
962
759
584
189
589
858
174
900
780
838
534
751
841
255
554
79
239
282
546
20
36
174
798
302
375
91
265
475
148
16
360
196
704
358
426
304
362
171
948
166
323
325
978
289
967
670
365
181
53
810
468
852
269
449
988
825
778
384
785
844
711
914
995
372
721
934
138
516
844
170
514
728
310
955
211
311
705
194
438
626
62
648
782
228
725
603
290
399
378
642
865
469
974
885
158
633
691
290
538
742
329
941
900
221
764
525
380
983
360
288
674
200
538
409
229
914
780
724
288
791
201
203
283
328
109
389
772
8
583
279
900
256
661
158
719
909
899
540
25
262
875
513
614
540
235
154
28
914
70
22
15
702
370
792
123
322
304
349
355
518
482
382
532
805
560
844
870
616
582
348
935
64
180
53
164
683
68
397
192
653
605
807
446
605
857
370
562
312
239
114
351
228
850
95
669
196
22
615
16
449
514
458
212
74
756
336
970
150
103
554
636
155
65
141
242
413
568
332
628
595
237
34
43
832
814
106
292
114
550
268
775
6
400
358
335
461
180
71
11
18
695
66
213
190
204
808
732
673
736
529
395
424
520
356
206
998
361
578
142
470
124
865
755
866
245
850
269
831
416
84
525
414
813
215
282
892
389
406
76
586
215
878
171
445
688
742
663
35
673
157
776
906
285
235
419
69
502
548
971
658
798
331
441
692
475
415
748
973
740
929
636
486
564
859
310
532
224
512
899
922
385
149
253
564
686
904
797
729
594
36
688
125
368
441
223
91
336
464
24
420
255
136
160
664
544
324
39
665
61
669
937
933
953
792
203
34
345
702
613
522
215
109
277
963
863
191
861
764
122
304
535
345
977
558
995
116
236
128
239
437
845
712
595
41
931
372
690
497
518
306
104
719
914
778
21
400
8
755
581
389
293
103
814
319
110
654
632
937
590
246
303
894
2
898
232
937
282
901
117
98
327
801
383
8
381
341
467
566
62
633
399
732
570
403
327
38
811
253
246
794
509
230
92
135
672
716
994
835
142
249
747
322
23
19
136
499
155
567
475
714
119
53
782
951
386
53
124
169
355
853
490
895
928
199
997
568
216
550
646
801
295
205
48
744
919
36
657
311
275
932
301
883
32
710
603
726
556
295
151
127
155
686
293
347
733
291
658
705
109
19
687
293
948
971
132
649
774
871
367
41
485
968
3
222
567
387
155
567
312
203
462
550
229
109
872
984
493
851
346
840
247
65
345
187
672
669
595
201
968
459
517
355
516
789
357
405
639
327
760
644
298
559
537
457
100
401
345
314
535
382
857
156
829
582
336
756
495
256
74
133
152
978
843
903
489
510
394
507
510
778
333
922
265
330
183
982
251
162
842
388
959
712
888
31
778
729
112
810
150
121
322
619
61
805
590
990
753
853
875
541
948
478
188
485
720
280
353
426
332
600
964
86
906
591
301
638
179
946
671
524
458
784
3
146
25
558
193
379
201
96
595
411
777
885
395
51
439
4
826
727
297
266
684
979
419
733
8
422
411
108
21
405
413
191
549
283
318
987
331
131
857
226
691
413
282
48
479
616
945
471
571
525
615
666
522
873
110
206
495
452
554
289
233
514
862
320
344
20
93
334
649
675
21
452
53
934
569
524
16
815
167
316
725
624
201
33
93
731
812
244
74
480
246
507
945
534
908
750
735
412
20
336
582
635
181
346
37
84
10
651
507
707
235
297
646
621
75
809
905
983
816
792
552
991
597
364
179
508
625
630
787
497
966
958
803
468
836
470
496
822
100
178
410
986
245
349
887
310
261
889
599
285
313
512
669
82
928
87
730
247
661
44
579
331
998
144
668
532
420
53
771
681
134
77
102
219
191
849
653
234
293
484
800
605
35
138
478
714
23
33
396
747
461
255
545
587
176
248
975
746
531
78
725
87
934
715
954
227
256
755
463
327
962
94
485
520
776
390
413
7
514
361
571
442
802
885
988
355
253
99
505
518
646
802
77
249
35
724
441
44
654
445
646
8
256
256
152
34
101
916
455
495
93
242
857
179
227
432
153
751
371
71
989
51
94
565
783
733
959
836
308
589
200
100
69
969
523
403
625
760
351
756
359
403
291
789
848
745
511
284
146
171
930
823
914
432
407
733
252
917
386
831
854
584
785
34
430
423
661
643
806
281
106
902
299
171
282
212
198
181
604
61
582
786
12
60
608
299
511
585
921
784
245
845
708
935
940
828
173
541
573
416
832
833
590
266
323
872
608
948
571
993
255
182
723
754
274
264
179
2
634
997
244
566
132
293
699
382
262
229
539
181
908
299
748
44
646
77
50
179
535
360
983
695
286
218
716
539
56
314
18
179
562
557
702
977
190
371
507
945
178
673
600
278
270
671
455
731
3
934
617
858
180
4
576
828
166
109
497
196
996
240
313
452
838
400
120
148
940
826
402
962
225
258
15
956
992
303
569
481
191
679
664
6
887
414
64
656
416
771
893
509
194
882
399
391
360
151
119
383
283
27
945
866
864
769
534
669
339
333
14
460
375
50
799
132
724
137
70
922
366
565
792
622
550
649
645
912
228
286
792
581
713
572
29
710
102
732
966
748
352
159
41
370
543
291
136
202
194
757
16
285
502
32
392
268
53
420
161
212
379
531
167
618
630
415
874
851
713
657
300
560
535
474
519
631
174
106
286
297
472
469
908
629
5
324
948
721
719
530
730
982
400
795
883
432
173
639
41
87
376
179
374
109
224
108
113
843
899
7
843
221
74
774
37
769
496
712
45
273
256
753
535
98
980
160
448
779
745
898
724
568
67
95
520
457
629
145
115
813
675
889
294
895
915
438
186
422
435
28
339
330
799
717
32
608
66
626
539
950
309
603
998
59
912
30
885
558
511
119
658
424
427
33
773
62
453
174
427
163
771
295
42
511
103
977
874
84
264
662
278
953
231
634
955
776
736
652
320
709
150
966
508
684
493
568
886
993
19
383
872
804
373
797
220
905
763
896
160
856
124
954
304
297
306
898
231
692
177
854
516
604
101
834
229
800
589
408
45
377
56
807
238
25
620
595
717
363
73
361
989
843
409
902
99
487
405
176
156
190
281
969
204
214
118
967
189
856
563
32
454
951
199
976
62
22
362
126
469
387
505
111
304
51
206
216
699
284
743
998
430
870
134
523
780
73
606
977
294
961
766
842
428
533
561
537
392
361
29
339
618
102
244
193
393
389
200
837
109
839
236
608
106
769
461
356
840
917
191
792
336
114
543
22
206
58
395
38
489
257
96
563
538
286
863
25
604
851
883
460
483
942
152
986
685
401
726
607
871
152
898
731
350
601
112
145
966
902
334
496
838
975
854
266
219
375
942
666
353
52
171
961
206
477
753
465
436
81
903
391
182
807
728
58
364
440
982
583
303
344
356
108
858
146
791
436
328
512
308
799
45
768
527
610
941
168
389
431
226
674
382
352
979
475
565
274
901
145
953
91
387
113
895
612
732
883
850
762
681
362
822
213
707
47
241
401
765
126
36
49
47
60
294
710
646
12
183
341
892
947
93
144
808
278
206
313
358
593
272
52
23
745
497
748
601
519
737
964
555
120
283
920
80
395
6
694
895
443
790
805
33
661
401
155
231
531
982
625
14
730
793
88
585
810
94
369
49
300
981
678
751
22
533
578
788
487
844
375
131
371
177
377
802
260
688
624
81
696
594
672
820
379
898
419
916
479
313
60
817
577
807
80
463
811
483
288
536
197
795
779
91
138
769
162
45
252
339
283
399
917
730
76
845
468
277
3
200
478
612
369
10
519
635
33
835
969
654
28
297
572
371
474
923
949
956
766
968
959
28
493
625
594
9
584
641
517
276
492
163
633
906
229
493
915
523
484
548
223
705
364
72
597
122
671
98
367
935
417
196
507
666
109
318
552
539
73
46
344
941
308
72
2
129
617
504
650
37
695
632
68
532
62
279
346
144
865
732
694
184
50
1
358
627
649
665
176
645
905
677
717
337
205
823
927
852
208
649
49
281
104
322
826
833
821
792
79
512
310
648
910
320
959
768
431
301
201
321
407
542
61
716
259
466
897
731
800
389
281
270
551
617
53
982
146
850
171
814
445
925
599
973
489
812
18
722
902
435
48
604
393
936
511
257
239
884
151
203
323
625
975
324
608
106
954
623
898
667
106
146
585
112
810
419
482
675
173
160
800
256
822
745
983
120
263
783
388
552
191
672
857
153
761
957
857
720
306
158
855
831
657
760
721
864
384
491
498
695
854
476
817
239
39
706
960
372
131
11
467
305
586
8
618
512
10
880
330
740
646
107
287
796
159
44
321
991
719
685
728
518
664
353
725
784
617
269
322
236
915
277
433
48
718
666
570
631
508
597
752
604
384
382
913
276
619
963
184
491
691
861
881
925
34
236
932
531
770
833
787
313
682
4
522
840
195
11
920
492
521
690
758
183
96
265
613
417
366
191
507
794
470
709
358
8
2
646
752
781
395
134
117
356
109
587
488
798
260
553
896
158
175
671
600
314
297
272
71
458
758
616
704
233
303
943
213
473
320
658
788
449
403
231
485
187
559
678
929
986
976
869
953
307
838
724
112
433
849
138
482
370
906
999
692
939
887
616
862
148
195
573
895
607
69
363
700
848
618
848
74
390
859
365
776
444
376
349
298
542
731
309
647
405
556
560
934
924
104
646
635
61
170
11
797
684
707
958
396
727
636
6
51
877
990
563
496
40
579
783
212
323
56
842
320
716
817
123
943
511
407
427
78
117
237
557
249
174
220
467
582
438
827
411
618
523
672
961
598
76
14
646
786
333
873
791
585
577
281
250
941
100
163
481
105
513
517
101
305
694
533
133
428
727
899
430
315
414
864
632
556
156
807
260
366
865
66
800
652
920
964
673
285
280
290
762
216
12
754
602
674
335
159
679
276
970
331
7
518
771
449
116
679
343
730
270
209
122
778
509
654
335
26
578
265
239
643
810
489
140
480
939
580
142
987
199
385
68
729
310
457
411
211
612
617
17
578
581
468
464
187
937
916
774
939
952
234
993
14
733
202
696
817
673
346
650
597
665
183
770
937
570
558
559
289
37
577
420
87
515
334
799
679
383
789
604
396
770
984
964
869
708
479
287
394
790
675
233
875
207
529
61
703
551
196
183
785
512
490
107
583
394
137
515
465
512
131
198
891
747
133
450
391
916
358
375
11
564
497
910
143
23
740
637
5
223
54
87
223
634
887
260
172
714
906
893
145
854
683
343
890
74
425
856
608
392
77
842
656
882
536
607
419
90
577
497
389
344
718
319
829
70
789
307
826
656
653
912
308
194
97
678
413
134
411
591
757
183
494
418
268
19
811
21
281
919
965
125
573
785
231
994
936
437
767
851
472
308
292
312
186
700
567
365
934
740
815
55
116
418
518
960
515
283
478
776
476
617
245
829
197
579
129
77
236
947
853
686
754
334
230
459
923
244
253
612
208
305
674
689
193
799
938
363
822
430
301
204
186
709
472
24
550
770
486
309
386
634
459
604
815
466
154
289
96
333
747
680
128
208
995
928
825
381
797
962
428
340
63
811
381
155
8
374
694
410
908
131
960
743
173
325
556
801
240
232
953
810
583
529
72
368
221
823
935
530
67
22
183
689
126
174
133
95
830
323
503
744
980
760
949
456
880
897
191
772
686
999
789
692
583
60
231
388
611
16
653
383
354
992
676
303
354
414
802
560
351
301
290
819
301
425
378
990
123
767
598
468
879
923
206
746
160
120
393
883
608
496
746
126
973
989
904
673
17
328
557
970
799
888
195
663
68
353
825
870
267
116
483
304
325
673
639
533
992
504
484
485
471
239
188
782
244
950
753
92
89
303
865
703
542
22
162
23
293
178
594
350
345
596
849
236
273
605
612
823
148
546
157
216
476
622
859
136
401
405
32
595
384
339
419
695
980
719
449
860
276
280
606
648
250
527
289
690
111
76
208
408
383
723
801
110
169
735
692
119
35
846
420
247
345
564
246
679
138
307
665
635
481
22
741
469
170
125
772
897
784
883
260
79
664
163
54
635
151
736
923
758
582
162
792
585
149
146
390
23
718
3
293
22
538
931
964
302
240
757
389
612
20
954
356
439
765
901
304
441
362
368
517
725
803
954
270
859
756
249
411
938
81
79
124
334
331
508
430
369
881
497
242
664
778
644
988
674
597
947
696
523
534
959
478
945
780
402
56
390
206
153
360
813
851
624
829
809
892
811
543
700
961
74
893
480
576
132
704
883
380
564
943
544
47
259
14
311
761
974
993
316
501
393
815
633
373
92
953
406
89
551
296
940
960
786
545
473
935
735
293
788
215
35
936
848
658
247
244
463
502
490
397
605
439
600
701
828
118
679
530
136
138
600
82
475
351
538
772
724
624
807
837
773
152
521
475
185
597
587
638
351
649
169
176
60
694
715
307
791
997
708
147
632
10
905
718
104
779
765
67
676
298
225
363
926
704
766
150
965
94
740
617
276
380
616
827
313
457
763
999
854
843
948
922
905
442
676
424
609
916
731
531
988
214
404
999
704
295
947
60
324
713
585
520
713
571
464
130
792
232
24
116
133
299
84
696
775
848
520
753
434
245
570
971
394
655
918
715
577
801
845
147
264
216
220
887
27
445
665
447
501
989
730
932
101
412
969
88
147
279
13
525
988
617
382
943
803
244
742
300
644
272
911
71
516
787
115
470
63
780
454
351
231
506
90
841
195
932
776
519
894
11
847
291
956
81
330
893
928
403
354
400
564
743
517
314
632
396
745
773
666
453
616
649
673
611
314
803
970
830
936
894
243
387
663
196
374
961
322
632
755
185
709
293
338
200
869
940
179
888
840
77
40
837
371
719
357
526
181
271
74
127
972
370
541
419
749
513
88
250
177
378
67
945
272
541
739
478
538
996
485
650
69
841
62
303
65
678
147
485
655
899
52
606
80
94
499
180
958
990
597
677
194
260
19
697
537
355
472
357
636
940
259
628
796
535
271
185
217
633
257
504
935
716
126
159
9
276
695
124
916
828
949
245
663
798
1
963
913
999
4
44
870
418
497
412
534
826
511
237
624
636
150
485
343
558
401
844
255
40
957
602
109
101
799
195
548
486
437
720
986
642
53
443
926
67
682
136
130
842
133
729
94
846
910
825
97
60
45
259
215
882
907
47
7
366
617
183
691
718
44
642
629
332
40
80
369
425
320
936
883
197
254
268
249
362
336
25
563
163
986
823
294
46
74
696
88
775
32
600
163
138
932
532
387
106
1
978
872
203
970
115
606
629
786
576
194
862
802
994
14
183
280
242
538
993
366
560
712
56
599
924
602
874
662
800
705
195
532
74
134
577
54
830
427
700
446
734
404
6
473
781
557
132
273
125
529
805
302
717
736
104
408
728
7
913
423
863
588
574
894
823
984
848
988
295
590
322
620
610
337
584
656
744
891
508
239
77
313
873
403
935
795
575
891
795
517
877
694
853
20
842
459
205
150
937
500
759
178
25
312
844
733
668
121
841
259
211
208
558
467
550
629
589
159
719
500
839
521
137
943
230
189
87
518
657
311
958
480
790
941
762
453
60
432
382
339
567
810
606
644
689
315
158
365
4
408
537
750
354
298
617
522
328
76
850
318
959
574
274
659
31
290
693
393
177
411
835
914
553
199
872
492
100
205
747
192
930
505
602
474
358
198
632
322
485
34
291
46
488
18
533
166
863
41
253
495
934
206
7
365
80
129
914
24
136
700
124
11
945
704
747
149
507
535
633
277
481
157
56
121
847
706
287
388
875
733
777
165
689
156
841
508
624
193
963
807
192
927
473
591
683
243
997
666
131
995
417
941
343
799
473
979
770
725
713
529
823
92
705
503
100
853
466
564
984
137
602
84
270
808
895
295
15
136
281
366
203
658
457
707
283
622
701
38
451
84
229
279
803
598
544
454
855
724
966
614
602
51
174
706
631
983
217
412
511
651
674
739
682
131
432
343
385
536
713
600
579
357
859
393
126
708
136
282
951
803
49
344
920
221
399
477
653
616
500
924
459
605
690
837
235
939
453
611
981
620
663
80
668
100
450
505
383
392
607
389
368
333
281
369
240
432
886
291
750
61
906
476
818
585
402
176
48
548
96
498
923
189
925
984
527
429
117
622
614
944
398
31
618
92
216
229
755
845
53
465
765
220
230
630
243
635
765
788
442
983
230
768
782
207
582
98
606
910
464
390
38
971
333
925
142
3
925
416
206
501
460
692
115
611
47
55
263
834
86
267
650
7
555
691
476
812
980
811
688
652
181
714
224
665
669
678
202
46
18
88
385
541
60
569
164
106
326
251
327
239
5
307
99
422
900
300
893
688
813
110
427
28
497
869
364
681
488
386
663
868
624
584
160
607
258
310
234
638
109
272
149
780
246
890
856
430
759
299
797
809
456
875
406
64
226
826
666
367
38
816
225
974
339
167
933
728
636
429
335
975
611
730
644
304
500
944
869
105
315
41
287
915
314
609
784
42
501
932
921
311
180
989
769
524
275
58
686
770
369
859
76
987
816
86
371
316
405
219
383
472
126
36
512
373
82
773
426
125
621
99
436
752
2
32
72
273
100
770
820
183
347
426
932
782
14
203
796
783
667
375
838
164
975
80
599
768
355
773
124
788
249
106
227
739
363
216
314
929
344
898
356
183
429
379
963
996
979
557
139
87
403
169
196
299
577
755
326
652
263
201
698
719
352
236
943
352
902
338
118
582
139
960
250
20
251
16
768
920
318
670
320
707
337
772
762
324
370
439
901
292
316
210
772
779
517
167
410
500
457
280
137
118
485
700
534
666
20
301
333
631
424
688
49
704
100
86
123
891
408
33
426
986
405
587
330
408
582
914
275
99
371
947
980
453
701
365
638
472
575
29
120
959
253
958
895
689
561
288
193
994
912
569
446
896
422
625
532
369
240
290
596
769
627
282
558
776
754
329
376
520
38
835
373
455
722
34
700
95
242
823
679
725
267
625
979
711
539
177
753
823
532
777
522
358
616
438
97
141
357
188
881
313
288
187
442
896
465
471
49
895
897
16
853
789
996
355
626
356
257
995
870
191
919
245
822
909
950
87
396
207
730
328
253
512
149
481
248
902
646
853
219
145
31
912
162
716
992
478
748
19
543
925
214
128
214
568
683
388
553
574
848
467
654
87
325
760
107
301
93
397
966
216
908
593
350
917
278
227
359
981
878
854
734
451
44
424
907
505
784
21
263
828
135
228
974
46
689
955
766
30
136
717
920
891
405
439
361
247
859
17
110
833
880
66
704
57
863
232
227
730
694
515
705
664
288
871
660
462
155
593
608
448
16
194
322
220
38
767
998
228
973
56
92
799
815
932
283
18
613
941
808
932
737
736
447
367
262
481
795
370
593
533
445
799
575
136
418
37
340
744
956
402
723
277
117
692
213
940
853
457
378
785
818
694
586
125
62
321
423
205
227
259
723
91
548
881
581
450
123
954
845
590
591
160
772
759
538
710
578
67
78
463
164
613
120
101
807
584
285
643
252
86
247
949
742
845
597
371
28
261
90
1
19
297
905
296
609
341
409
222
870
957
378
518
313
421
668
216
363
87
736
633
887
57
165
841
910
443
80
706
358
398
283
786
475
900
97
68
227
27
235
212
236
34
725
557
472
315
634
547
323
92
31
543
548
123
926
734
714
976
164
21
206
204
153
3
372
871
243
798
841
926
612
595
521
124
371
201
895
722
818
314
164
270
155
822
106
173
440
884
482
246
810
55
47
659
620
781
683
680
172
737
998
737
432
235
329
407
758
532
384
684
552
886
772
484
517
120
361
235
309
768
578
175
110
946
462
479
724
457
680
710
309
194
990
146
319
50
411
186
587
455
747
732
705
182
876
117
883
378
330
923
167
38
740
272
138
852
837
356
659
647
679
225
106
403
605
708
967
235
189
593
286
326
893
904
468
543
625
765
134
761
14
199
489
106
471
475
295
587
472
638
133
954
984
30
79
494
684
97
861
994
333
736
397
470
498
205
345
549
358
835
812
960
385
346
843
988
604
556
116
904
346
17
120
476
578
856
334
316
308
49
408
468
144
65
146
661
470
638
663
709
32
881
22
489
897
252
510
228
926
265
322
816
730
164
145
42
808
791
878
188
271
415
604
311
772
812
737
349
110
569
508
246
169
625
700
172
944
123
168
232
292
37
623
623
313
358
814
516
451
749
860
257
734
203
897
443
904
454
703
695
859
557
647
392
376
483
282
645
239
630
557
380
40
892
843
577
869
640
985
821
381
349
371
242
198
920
477
511
865
665
23
846
73
583
201
819
316
247
873
414
224
380
735
946
854
412
710
304
252
324
324
764
943
485
255
734
302
444
685
363
70
237
23
658
243
761
620
901
950
842
614
617
801
846
20
863
247
242
577
712
297
824
439
262
811
266
479
791
701
50
989
169
868
718
477
295
512
870
548
91
79
993
510
460
149
428
952
479
970
166
627
425
393
535
567
999
908
806
226
68
445
565
268
785
2
405
458
951
786
814
961
389
484
819
468
140
716
137
372
910
811
313
436
799
725
413
366
451
776
241
729
51
429
237
835
129
310
821
640
427
369
854
220
834
961
821
699
123
340
398
788
685
668
991
155
960
554
339
491
364
675
628
136
497
626
382
483
92
859
687
218
656
205
429
320
544
512
679
302
325
449
650
954
586
581
700
139
216
38
205
966
142
400
63
190
145
889
207
662
31
584
987
492
381
174
998
39
299
786
833
466
34
427
731
980
141
237
111
462
226
520
122
749
236
13
403
830
439
898
501
760
534
501
820
414
75
513
331
995
635
658
204
1000
732
393
938
112
57
286
129
139
307
113
159
430
471
284
226
708
639
59
125
396
425
18
365
802
292
480
147
384
99
209
790
378
570
87
717
557
431
246
546
46
18
970
904
782
9
131
456
870
748
961
376
552
660
342
563
446
820
338
633
373
704
420
3
487
453
528
12
193
23
823
136
608
527
705
724
744
109
940
276
528
972
794
463
520
219
483
506
579
535
893
65
32
260
52
879
43
48
790
960
402
161
473
116
745
29
943
620
811
360
523
517
91
265
321
43
520
61
250
287
441
363
553
165
781
635
376
613
136
680
135
1000
349
25
637
66
269
886
349
993
741
629
465
933
916
103
180
410
489
289
140
894
736
576
762
580
976
381
222
844
33
480
929
367
170
817
40
261
750
576
583
357
156
965
544
686
175
321
20
239
59
204
591
641
996
429
645
430
554
282
641
298
5
919
173
133
116
546
15
495
896
904
119
622
502
522
807
195
984
720
732
367
70
387
478
608
371
937
132
61
366
124
317
897
780
886
675
280
586
54
658
204
938
490
158
809
829
30
957
90
458
468
76
861
90
276
689
225
266
595
832
972
774
58
188
403
6
378
748
952
354
977
80
227
409
812
105
770
574
702
650
624
861
549
989
223
142
743
789
23
222
47
173
799
996
523
92
787
956
518
388
85
279
336
745
523
475
787
643
316
848
606
659
575
545
678
940
755
582
583
122
883
526
459
106
979
137
609
355
377
26
492
365
865
63
654
406
935
534
867
9
142
440
226
917
779
38
160
371
587
689
243
258
218
942
781
418
252
90
915
634
296
489
329
439
60
559
963
331
637
547
659
891
906
332
885
730
169
969
970
167
817
155
468
213
145
146
816
610
13
655
867
699
553
240
365
528
432
415
449
346
38
718
800
13
113
797
334
139
272
963
522
402
102
111
393
499
26
148
35
158
511
616
968
155
439
266
835
400
747
871
404
789
693
744
54
372
354
888
869
993
924
152
728
88
49
162
467
888
706
984
999
978
90
509
385
412
524
376
93
927
860
760
845
691
619
127
105
103
791
538
984
740
872
686
430
480
643
919
636
599
614
428
447
712
414
242
302
353
632
3
674
689
585
435
551
332
366
622
34
78
411
427
192
445
54
317
444
416
671
875
973
428
688
423
983
347
176
589
732
476
105
876
712
683
561
278
238
981
366
424
543
207
468
178
55
908
229
755
633
141
236
617
505
77
904
21
304
182
983
299
273
160
148
719
347
692
382
970
366
340
845
374
699
770
973
946
990
487
263
468
241
63
265
802
892
814
574
775
912
637
223
335
139
65
752
307
949
610
7
695
972
272
931
344
775
648
543
45
906
821
875
132
941
455
640
881
411
313
909
208
311
500
105
246
163
667
134
265
226
749
573
374
141
281
242
423
146
101
718
11
527
720
582
244
787
5
425
723
645
784
531
106
424
790
674
745
306
899
982
820
477
898
339
401
333
724
230
639
396
100
512
348
392
759
869
655
38
661
736
89
522
801
837
714
638
494
564
659
616
669
18
391
336
694
925
592
549
52
327
314
394
905
560
129
731
102
893
57
595
337
943
418
512
156
584
10
892
77
242
180
472
649
515
663
815
979
404
321
602
592
315
246
403
540
506
184
347
492
255
910
806
459
665
93
306
230
326
57
366
93
386
650
318
292
677
534
997
324
140
948
773
289
586
608
186
6
4
608
965
864
232
538
222
210
435
953
122
282
135
34
450
706
560
897
267
305
331
700
925
932
962
371
114
776
319
243
140
326
959
888
969
453
657
950
408
85
265
41
187
928
245
547
426
278
619
487
592
720
270
633
444
327
670
792
336
818
173
461
286
907
39
903
756
722
926
65
780
743
212
524
373
457
162
470
383
755
832
432
204
187
785
469
372
391
707
63
678
256
980
843
112
957
415
242
664
514
596
261
831
279
1
644
691
734
526
125
188
966
120
934
439
513
3
313
590
766
373
15
66
851
79
452
12
572
900
898
591
87
996
364
501
688
338
373
71
582
750
969
654
656
838
777
780
675
887
912
408
597
868
508
95
871
865
53
104
743
52
836
136
335
698
967
496
25
769
37
702
328
655
383
666
125
912
487
161
176
460
817
540
76
671
571
187
147
169
293
489
793
910
123
677
782
549
64
963
899
848
405
350
802
951
955
417
254
565
581
738
200
526
211
204
428
623
252
346
856
641
463
893
833
516
161
442
53
632
420
718
307
90
386
840
711
199
177
754
624
651
123
485
920
222
557
558
843
972
91
855
132
921
838
856
262
226
58
524
439
167
514
117
387
267
301
437
977
526
870
248
900
152
290
494
28
436
769
331
960
293
561
101
111
662
292
202
503
164
238
505
925
983
830
683
657
427
467
849
674
208
622
301
840
700
125
177
972
330
115
507
244
678
145
162
475
492
865
518
262
964
790
67
597
303
89
469
821
176
677
900
873
405
792
953
278
540
460
850
693
171
776
807
962
440
592
356
860
175
998
604
709
215
424
799
586
68
578
194
44
310
427
80
968
865
395
140
695
400
63
587
126
485
523
21
701
76
420
535
526
519
240
188
819
374
289
251
443
98
538
292
985
605
465
582
743
531
98
338
716
777
309
840
498
152
535
236
759
431
443
732
878
139
202
110
793
956
962
118
449
340
628
467
758
402
668
540
24
543
462
23
230
97
523
192
577
978
381
634
569
444
857
405
717
102
125
856
381
407
127
737
832
351
299
1
436
429
74
352
332
908
402
966
637
590
59
937
652
263
114
471
957
345
163
666
128
372
554
701
797
54
32
380
544
855
650
420
446
560
823
875
656
547
574
208
498
151
672
50
252
918
149
715
685
4
570
441
789
737
186
542
620
475
810
774
440
772
825
378
987
29
42
903
898
855
263
525
203
956
548
840
552
873
505
139
771
51
884
272
415
40
694
76
168
172
176
739
296
746
291
865
356
7
467
207
805
670
293
622
913
78
897
919
910
14
429
718
421
836
382
508
955
10
445
181
912
785
429
898
669
500
441
426
225
652
784
334
73
945
292
664
423
699
426
989
692
880
97
354
351
487
217
765
954
762
27
8
331
690
445
425
444
908
51
552
123
467
610
641
496
576
782
630
445
450
544
633
59
871
669
562
895
362
929
231
293
413
544
529
361
725
687
545
381
824
577
870
578
7
46
439
431
850
951
9
666
476
131
499
126
152
976
612
23
762
950
3
398
849
674
807
454
731
815
457
571
754
968
158
498
55
308
326
700
38
422
572
912
982
563
245
322
924
128
755
963
350
530
783
208
144
441
740
547
1000
500
74
238
630
136
598
894
637
634
230
393
57
910
312
47
896
293
959
398
862
803
309
511
575
15
831
469
875
523
796
636
865
464
558
742
857
946
954
404
228
214
91
403
532
36
185
873
757
901
106
734
569
94
948
752
641
696
899
565
319
138
91
450
301
57
504
738
780
566
467
925
282
913
144
434
174
748
240
435
178
689
5
872
818
103
212
763
720
573
193
719
469
983
254
690
449
847
840
531
963
463
567
258
459
782
236
12
911
164
481
156
470
9
285
70
533
906
86
641
58
470
811
94
147
193
322
9
369
246
815
770
180
253
720
89
459
565
17
633
528
661
375
225
399
851
660
520
524
797
716
871
769
244
410
777
111
168
212
508
374
257
168
870
563
886
712
484
45
451
178
510
213
518
32
230
706
545
945
210
359
193
538
409
81
611
955
704
702
807
21
664
503
925
663
81
725
997
334
258
936
162
383
629
114
518
759
865
825
429
808
27
932
303
677
712
49
824
391
713
477
473
613
303
143
642
451
434
314
159
894
337
145
624
73
829
798
27
168
347
616
366
552
65
915
116
482
821
825
714
912
8
317
449
979
368
248
647
313
802
866
764
214
825
350
205
443
388
460
935
35
915
341
870
30
291
797
293
779
561
976
300
130
112
949
291
820
619
98
324
258
43
706
365
717
439
959
232
860
41
233
107
447
262
666
86
934
752
286
686
961
873
298
873
537
547
364
388
59
786
603
774
631
642
745
248
316
872
128
473
945
973
883
88
587
662
962
897
799
881
950
617
280
390
381
234
396
601
381
462
921
938
900
869
240
423
556
157
312
836
332
212
624
397
54
528
25
919
262
347
774
395
535
976
89
542
947
488
177
307
946
69
547
361
339
271
281
804
528
549
792
977
64
62
335
199
328
134
348
55
96
777
999
850
703
223
705
340
671
843
290
253
875
247
872
439
183
914
15
739
538
125
633
511
575
228
363
982
491
511
871
549
600
306
646
109
466
728
39
959
781
941
965
536
941
378
818
777
290
447
705
676
185
474
960
801
277
102
475
778
442
710
289
171
142
567
733
627
687
434
730
545
169
195
836
274
847
814
680
810
936
754
990
718
819
682
163
200
525
251
911
423
118
103
806
224
581
331
581
429
320
746
900
275
739
598
760
491
432
447
47
601
757
600
443
226
185
725
158
24
960
314
15
966
133
787
302
944
360
174
806
465
236
323
156
646
305
914
227
417
375
107
673
851
454
270
516
120
12
996
957
635
605
559
306
209
800
997
168
977
407
288
268
512
737
699
299
722
169
370
71
815
53
645
244
932
999
962
111
480
478
930
126
115
542
311
195
468
741
528
791
2
156
500
242
436
230
921
991
487
673
503
415
276
112
607
676
798
915
904
439
551
51
77
843
730
293
555
364
701
323
449
82
122
448
551
173
122
930
380
272
866
622
428
960
421
577
129
387
431
165
622
395
75
641
541
837
855
492
96
235
820
990
238
921
963
22
805
302
801
666
617
330
681
112
812
460
460
707
954
125
1
301
819
544
667
45
592
20
700
894
599
8
93
93
178
684
484
819
984
716
975
779
69
955
466
647
178
38
697
772
507
79
818
451
99
343
435
881
383
956
343
600
624
713
396
184
883
377
621
65
850
688
661
119
600
412
579
865
95
683
113
701
362
430
120
454
470
398
424
912
524
978
932
451
724
332
795
851
231
160
910
738
103
111
430
889
355
122
368
725
952
521
691
470
13
303
118
574
426
396
383
218
459
643
26
930
361
203
547
873
522
921
277
659
603
801
415
188
389
123
835
718
794
639
278
36
115
414
278
524
777
366
754
494
695
144
673
185
96
100
687
690
704
733
157
131
85
200
155
661
474
526
281
231
917
921
361
222
732
475
441
287
126
634
995
445
126
510
438
482
125
708
248
964
473
559
330
319
351
157
43
174
916
136
311
34
102
560
828
68
495
614
109
738
382
924
294
334
609
393
634
232
184
211
536
446
16
33
395
609
386
597
166
86
80
938
578
259
198
706
232
86
644
984
479
697
172
60
268
714
774
607
48
340
982
986
729
861
624
46
900
356
438
382
1000
168
983
354
457
786
170
827
928
140
12
658
880
733
903
425
627
981
294
500
822
467
951
99
659
718
932
61
485
313
479
22
894
930
310
540
939
924
621
451
220
97
176
276
741
120
794
580
777
205
621
245
588
556
78
449
416
643
535
718
455
515
686
908
209
35
813
614
717
576
397
156
108
828
114
234
57
989
258
848
822
864
585
283
541
999
385
318
413
900
736
982
266
595
214
820
991
609
318
815
574
47
289
835
638
65
254
84
992
327
472
809
64
966
431
294
702
490
600
128
718
765
479
914
501
723
286
852
941
833
933
618
805
695
333
1
567
738
872
243
457
169
865
242
669
188
630
566
253
448
81
311
191
317
930
909
542
487
946
754
706
609
404
878
855
345
674
942
396
316
48
640
86
584
468
789
831
197
357
135
85
607
642
58
868
185
978
636
481
458
509
109
369
519
958
33
957
200
441
785
215
164
691
806
349
793
898
72
280
318
829
671
432
105
419
762
33
931
603
17
53
326
657
829
46
97
127
897
449
118
346
763
846
768
640
775
588
444
236
863
479
749
137
746
975
338
166
27
810
340
567
648
604
113
482
289
133
855
870
293
429
294
938
918
84
342
278
177
844
435
290
945
503
933
632
360
613
483
802
974
84
849
649
655
85
222
370
629
382
922
379
371
246
249
995
708
286
385
400
6
777
144
932
152
894
705
946
51
274
966
213
728
901
966
372
490
425
160
328
589
185
610
304
540
71
186
871
68
257
592
286
5
651
412
996
823
411
961
531
731
866
466
13
559
298
840
428
242
316
229
741
428
562
623
803
752
780
993
71
787
16
532
391
850
181
666
195
125
667
479
310
820
905
911
778
752
820
531
944
554
974
905
904
659
696
441
535
147
615
41
985
281
798
693
485
144
175
811
62
399
723
5
933
939
996
895
763
318
459
344
704
54
110
351
149
816
40
785
22
975
975
178
868
799
173
349
212
147
855
125
26
560
254
974
267
667
589
395
517
623
83
885
88
482
628
112
182
919
356
297
332
79
412
192
373
174
477
978
308
853
932
697
214
301
736
730
28
486
781
192
311
961
53
1000
578
812
695
167
838
948
186
784
317
63
891
9
944
831
201
250
36
179
464
989
859
794
85
798
773
275
356
366
449
254
299
662
933
130
947
114
493
655
196
373
288
140
188
620
154
125
411
993
405
155
288
485
488
720
770
702
765
305
590
569
327
331
982
220
382
645
838
323
522
892
465
10
306
718
358
150
782
938
672
254
287
82
327
819
42
888
959
154
914
52
795
568
946
518
134
487
778
260
807
78
938
792
503
464
394
118
944
312
861
89
169
403
401
839
547
629
293
767
379
469
761
377
319
721
887
125
39
86
321
315
3
575
119
327
157
106
133
710
845
44
44
59
183
156
64
537
828
865
974
210
18
707
534
545
129
33
120
776
976
719
787
685
306
205
745
993
645
553
386
161
40
515
472
653
656
929
518
547
348
103
479
606
634
453
880
440
547
458
844
498
975
373
35
235
908
51
183
307
866
816
536
782
132
501
969
528
170
200
241
765
834
477
250
965
563
940
724
177
626
531
970
810
469
228
265
839
532
306
127
896
172
194
302
398
757
445
303
863
335
2
189
858
688
608
857
158
119
884
318
733
780
344
418
665
681
764
768
785
364
26
119
540
793
142
22
484
270
936
492
801
723
382
50
52
178
347
344
734
745
801
344
457
453
904
788
319
144
889
774
627
613
782
796
461
324
226
34
498
466
852
633
17
61
589
242
607
889
23
339
261
690
87
275
949
714
412
104
320
356
16
380
550
835
309
982
123
2
905
637
362
28
232
149
45
100
604
300
317
703
563
299
589
627
170
94
342
825
410
668
472
866
592
680
107
477
839
855
294
902
190
848
61
998
390
75
513
254
503
452
990
283
206
553
908
261
248
984
152
688
457
864
128
715
70
749
145
452
807
755
944
335
973
186
29
953
930
413
489
418
732
682
171
683
820
993
97
656
627
235
463
143
854
57
594
124
189
265
338
429
827
705
868
249
743
319
520
929
876
944
140
165
2
589
205
521
705
383
218
8
793
319
522
11
571
840
858
132
236
966
102
756
722
544
663
99
819
416
481
965
436
907
326
538
219
990
702
379
477
122
625
79
32
371
971
366
246
123
789
680
186
499
135
643
676
937
711
281
576
765
788
6
774
841
340
258
618
162
875
747
175
856
745
541
728
332
304
508
55
360
38
88
731
430
225
545
364
420
321
250
343
702
199
227
70
557
364
764
835
111
634
585
231
516
540
892
610
662
327
196
415
199
584
733
743
739
192
382
646
931
643
351
236
964
238
828
223
651
755
319
974
191
734
761
586
547
712
879
935
166
929
273
512
988
993
827
230
922
52
886
983
427
486
123
834
252
89
826
901
836
103
400
945
956
442
138
98
145
503
973
274
242
346
267
679
621
132
691
275
34
162
293
781
30
246
613
573
303
77
391
864
337
273
440
874
288
320
124
459
171
316
322
880
350
84
173
12
370
20
876
902
573
520
134
630
655
622
102
132
858
175
475
168
143
448
67
402
41
529
680
865
385
878
524
139
858
429
495
371
841
105
387
477
435
398
591
38
659
806
739
17
472
252
422
183
703
528
847
530
326
296
754
999
586
56
376
844
565
238
115
16
406
432
708
32
146
147
676
333
48
912
673
323
846
127
279
199
48
365
739
8
904
575
315
609
205
289
811
707
734
682
24
170
428
711
365
452
609
652
416
802
21
451
227
54
515
342
814
772
232
810
842
187
67
168
808
70
144
814
78
221
637
964
896
405
396
792
320
612
180
399
540
163
490
972
748
611
11
163
364
523
850
104
620
392
224
183
476
853
194
26
644
247
28
129
887
385
732
702
818
857
535
74
483
684
577
554
579
79
248
578
226
69
615
813
711
309
580
163
689
501
400
83
941
357
399
760
341
480
845
991
975
485
592
107
63
562
908
382
137
843
184
15
431
679
530
916
575
207
35
790
251
947
535
229
148
483
518
742
680
598
667
745
546
316
775
314
683
220
844
971
623
644
705
804
883
698
746
783
462
430
244
319
744
372
151
44
39
254
109
920
452
754
3
457
893
21
302
633
727
497
613
131
576
182
746
645
967
717
634
336
96
581
780
939
201
781
735
325
20
101
175
734
446
986
399
263
792
563
959
962
127
466
562
229
915
213
128
821
494
858
505
509
520
637
725
240
257
634
90
92
562
640
465
847
436
383
74
918
387
255
432
384
320
757
494
294
985
270
483
217
41
907
597
892
971
244
943
523
165
61
906
292
795
416
923
848
28
104
326
291
451
527
733
924
410
368
308
591
897
207
762
63
447
126
993
593
679
139
436
991
214
900
725
405
101
915
144
861
723
355
263
537
213
892
665
922
523
868
540
824
480
593
312
343
556
464
999
865
713
855
127
522
598
444
261
445
577
331
119
916
684
323
981
225
826
666
832
85
438
126
839
102
427
506
895
691
238
7
483
242
897
388
607
65
717
117
400
775
598
999
146
580
394
396
745
867
750
616
283
719
180
817
505
767
962
151
115
506
62
335
170
314
968
533
345
804
386
211
496
125
1000
996
366
692
831
974
767
433
959
868
341
100
598
4
367
761
3
567
129
968
890
453
640
311
540
178
273
428
95
875
863
5
205
107
472
399
695
445
597
300
788
678
929
236
620
818
961
104
233
119
365
590
635
202
980
194
742
708
352
590
597
42
468
719
661
378
154
929
734
943
905
740
197
825
85
279
832
557
771
425
57
852
998
712
210
69
489
254
615
771
14
628
552
100
607
721
791
953
651
543
477
406
764
568
825
237
653
384
12
117
215
95
724
595
826
580
608
357
766
103
520
110
812
855
596
245
813
881
816
820
293
35
112
917
163
981
130
551
565
878
629
269
704
821
559
868
813
179
266
566
526
430
915
581
15
887
74
277
376
728
223
214
696
874
60
484
677
234
7
91
276
694
891
531
364
560
514
542
962
231
54
700
975
56
682
836
471
666
503
646
835
236
142
869
823
817
811
946
41
938
783
234
367
428
447
144
279
109
904
498
926
177
553
520
995
329
980
417
976
659
424
371
178
703
969
813
996
529
928
334
122
208
956
473
774
602
251
617
308
504
219
547
505
994
637
456
220
454
628
393
924
406
391
663
189
39
536
569
288
622
706
183
644
118
999
63
565
696
459
717
553
828
170
165
633
334
127
280
533
107
409
268
122
212
353
523
669
617
946
504
437
456
449
338
114
383
136
94
10
571
348
689
241
146
589
112
330
129
338
571
430
196
71
707
87
726
607
636
909
264
198
862
79
321
571
175
766
910
451
510
736
142
765
140
41
946
860
190
31
109
545
853
199
424
55
104
94
358
952
2
824
774
49
21
640
105
84
506
969
191
91
717
711
403
735
980
84
558
356
768
208
500
536
826
530
128
203
401
308
579
914
776
200
599
700
427
864
8
786
451
806
501
386
828
14
181
614
348
320
36
571
81
725
860
909
560
50
749
555
352
952
358
341
318
730
475
647
100
314
321
707
701
961
129
495
489
654
107
444
99
494
271
957
618
462
215
413
503
528
152
551
542
495
135
973
242
602
208
58
264
17
231
128
515
475
589
966
701
45
47
617
711
275
496
510
590
835
509
526
722
638
256
387
773
405
444
829
844
97
632
23
218
734
427
396
559
487
466
918
98
885
984
273
957
78
378
270
719
14
848
595
949
579
442
930
744
608
204
36
879
755
326
309
598
441
339
558
513
203
161
466
926
547
262
284
849
182
541
500
258
203
413
249
67
871
527
745
678
321
636
256
274
386
867
989
98
451
422
410
963
737
543
269
16
376
240
734
683
546
41
699
412
145
908
7
83
365
502
445
798
854
380
60
454
900
968
235
847
282
692
56
608
743
139
166
544
554
765
475
192
938
480
670
119
646
891
552
350
375
322
290
708
208
713
242
346
477
431
70
498
463
934
113
336
864
513
573
828
999
448
403
836
892
148
655
739
8
323
779
357
436
405
679
707
138
914
411
261
179
971
302
395
672
883
75
161
854
564
989
375
115
340
241
839
720
440
30
717
796
317
568
679
758
564
211
97
121
467
562
973
25
570
476
357
683
790
868
306
188
39
807
687
726
636
964
297
320
332
141
922
809
383
846
314
880
313
126
48
483
881
116
770
301
756
306
737
453
32
898
19
499
643
306
730
588
491
916
650
406
363
179
910
760
306
907
83
182
241
391
318
435
914
790
487
362
127
287
755
826
7
85
728
313
665
74
270
439
187
387
195
706
912
328
944
465
589
790
316
178
41
963
506
435
639
465
115
437
612
932
477
966
763
598
190
76
194
561
815
368
121
659
505
952
977
724
316
169
682
849
537
393
781
635
762
472
523
673
326
583
309
568
79
509
24
31
353
965
140
858
59
492
972
308
633
596
708
292
218
958
996
70
733
150
975
41
797
699
819
91
525
88
716
987
876
292
629
317
47
116
518
958
541
955
992
118
808
674
889
649
7
844
102
610
497
225
628
237
669
815
307
882
114
813
915
915
96
993
450
958
197
16
744
223
614
876
534
732
470
333
264
786
753
142
915
114
377
9
316
729
170
837
704
10
541
349
489
55
656
157
261
667
152
188
886
482
944
848
260
216
282
822
587
802
669
897
58
370
177
38
662
898
894
224
986
181
993
399
590
837
460
408
83
907
465
433
825
362
839
739
96
91
557
883
732
497
254
517
225
465
616
794
910
63
724
913
508
704
792
649
198
792
364
999
103
396
904
954
336
582
78
411
388
289
840
841
661
31
646
386
723
38
504
316
791
563
782
472
789
463
434
25
40
495
573
635
190
682
918
72
293
151
570
787
23
765
443
421
424
124
627
610
965
152
27
585
952
955
352
152
646
626
233
14
649
196
721
773
460
889
971
191
943
825
260
621
885
573
459
224
277
701
674
405
295
748
961
42
911
982
480
829
375
345
321
867
901
656
826
570
266
696
461
980
787
390
888
317
813
853
192
946
214
491
330
156
165
269
477
632
926
448
729
565
182
645
549
603
373
899
279
856
328
187
729
379
518
12
726
356
710
855
164
697
847
406
779
437
841
220
907
833
998
658
393
241
182
734
830
370
566
430
622
166
851
732
524
90
56
309
687
438
430
198
382
597
988
876
335
731
922
217
723
706
776
223
715
37
522
888
664
435
156
705
729
261
112
123
723
453
139
729
620
890
875
323
810
905
145
408
758
327
630
931
706
375
986
90
379
271
738
746
92
738
775
40
623
439
336
585
785
789
621
162
958
415
704
221
321
777
125
729
223
305
219
377
5
883
640
325
134
609
150
363
173
129
574
993
534
674
789
912
720
819
840
528
174
208
926
98
750
805
842
884
882
366
903
979
202
737
598
549
413
48
316
712
852
853
917
626
501
667
154
774
36
747
451
5
182
647
181
869
848
212
594
637
140
140
91
464
782
188
270
775
594
508
155
930
580
543
893
862
272
14
104
884
642
850
26
143
332
981
965
286
794
218
147
714
353
823
361
363
357
744
587
805
41
475
776
819
960
881
462
250
178
646
741
576
696
803
511
177
523
485
446
418
446
536
850
547
22
810
593
881
617
609
662
186
660
984
18
995
296
470
197
21
454
415
560
986
318
820
684
329
959
939
799
855
90
942
29
769
211
884
523
565
27
838
478
719
941
673
502
881
965
721
43
468
999
583
695
850
425
750
546
289
575
430
652
719
64
886
656
35
83
707
162
650
629
384
54
341
225
169
943
236
525
730
517
639
145
921
108
750
529
209
935
108
831
428
724
160
248
696
903
678
815
395
695
199
428
720
269
155
82
747
130
785
504
681
107
530
286
42
764
323
598
651
90
18
694
196
465
389
383
206
594
509
395
561
165
155
282
908
637
161
545
569
352
749
819
288
951
200
528
159
270
796
778
187
274
778
538
915
389
721
981
150
385
440
754
481
43
611
795
645
197
662
242
743
179
554
131
799
147
144
974
28
436
913
514
294
356
769
307
454
709
546
701
180
635
651
924
946
921
779
484
391
608
60
266
889
356
30
324
638
540
67
54
694
12
143
55
731
300
912
275
16
194
20
852
589
379
334
878
860
574
492
981
276
368
162
305
943
349
96
134
268
728
481
299
540
817
332
548
692
913
402
854
552
349
268
403
975
222
669
207
392
377
968
16
80
511
888
342
779
687
932
866
483
550
278
837
758
142
400
16
253
862
20
635
281
162
648
779
954
782
522
614
850
954
970
94
20
403
94
435
261
6
602
206
559
250
272
16
814
874
381
137
470
795
399
248
584
108
126
473
903
336
172
886
214
399
699
922
333
391
115
146
779
532
964
559
752
28
876
324
19
682
78
584
476
293
41
915
33
354
620
63
405
919
437
26
722
183
370
895
483
176
873
291
123
302
449
617
269
933
481
145
33
635
657
356
367
619
229
650
679
151
723
151
272
61
656
470
275
174
334
306
307
73
516
643
159
921
547
478
416
727
79
547
642
4
820
317
353
638
40
428
441
357
857
684
695
978
97
614
688
380
940
270
641
864
984
560
841
765
470
33
153
870
316
825
97
353
208
278
564
392
635
124
685
530
761
473
854
820
75
801
680
690
26
370
992
359
747
685
457
946
495
966
300
456
734
313
777
378
899
77
561
639
454
890
223
651
642
384
455
825
473
737
541
324
59
896
227
825
549
114
1000
940
905
71
508
16
582
948
170
74
594
844
654
728
386
27
157
354
148
432
153
231
67
981
169
537
341
547
817
191
645
867
245
661
271
614
378
758
604
320
614
535
303
525
859
590
43
576
819
224
997
84
954
559
625
782
106
941
447
846
196
522
19
682
368
464
605
898
373
715
315
578
611
77
686
525
677
321
922
292
268
710
711
815
104
418
779
556
737
620
334
287
260
153
617
969
43
386
23
390
646
828
522
464
896
895
841
303
864
100
125
21
894
347
390
812
707
270
344
109
130
750
847
713
115
879
813
89
598
23
408
314
700
619
138
268
612
421
854
869
93
447
682
600
335
884
739
782
311
774
150
905
772
108
917
221
943
216
417
618
905
961
655
804
787
852
960
792
193
602
65
449
48
891
260
994
412
200
793
305
734
4
71
435
399
55
72
265
832
663
597
539
287
602
386
708
838
908
684
208
355
13
754
977
281
158
731
827
255
160
182
360
625
285
186
201
190
412
760
210
234
884
34
747
749
880
812
546
823
488
273
609
934
137
805
993
624
489
770
439
649
144
804
347
385
82
427
414
514
416
108
214
140
290
415
953
593
99
316
641
247
592
337
192
444
613
700
420
390
808
688
853
453
937
612
426
155
99
947
905
374
363
980
841
126
864
297
540
3
515
176
318
969
84
7
847
514
133
771
945
639
690
953
845
10
446
908
809
830
416
247
94
421
232
930
639
753
611
105
703
264
265
175
752
206
267
253
502
681
669
598
439
449
83
27
240
378
294
874
738
335
710
812
716
939
176
970
436
754
224
443
2
19
678
396
832
530
140
173
412
415
828
917
876
830
550
554
371
631
734
764
39
673
718
770
646
609
224
892
310
732
797
536
127
401
144
498
898
678
459
957
488
979
452
725
493
612
282
486
587
629
102
463
916
924
115
697
158
760
863
936
728
302
817
202
252
619
266
57
526
839
309
503
890
571
846
44
207
928
610
389
977
387
659
504
974
654
249
217
814
557
754
527
971
728
947
178
981
831
759
865
693
642
265
769
209
570
685
206
965
849
912
7
316
552
353
922
594
16
956
493
823
362
933
507
910
949
452
455
861
751
506
751
234
578
318
315
827
537
265
421
730
943
25
457
987
216
43
261
706
297
469
176
496
114
701
323
132
353
565
730
98
16
19
472
628
772
288
426
522
921
393
110
648
834
923
810
165
761
442
642
887
827
726
85
685
823
841
572
869
373
870
894
545
884
903
90
70
211
147
106
435
377
796
848
814
764
338
611
706
239
97
970
996
199
273
690
70
541
169
337
713
951
922
658
713
199
822
855
581
917
71
63
739
904
714
996
442
487
807
957
657
409
218
533
798
469
664
416
32
361
424
616
295
943
580
454
83
883
427
971
104
171
860
179
315
158
699
291
692
459
685
761
302
271
805
65
299
841
24
829
159
808
150
381
511
917
342
720
640
440
577
622
408
573
347
565
480
797
147
678
813
467
32
107
263
854
923
527
2
468
660
59
617
125
624
986
494
44
33
412
917
971
874
632
362
105
578
315
825
718
373
874
326
835
517
509
200
22
706
949
687
204
342
729
82
789
686
201
921
836
972
836
707
493
375
843
940
161
421
866
717
670
65
654
927
669
698
456
931
175
684
360
620
581
296
738
694
633
344
888
623
542
661
28
789
311
996
20
352
663
544
230
289
294
262
480
233
582
633
520
570
378
307
943
234
950
719
725
594
538
38
557
219
507
971
927
333
446
665
177
139
79
605
866
722
843
842
575
397
453
118
287
165
852
192
925
81
694
708
82
567
831
761
419
212
757
735
127
675
750
75
251
320
735
426
558
29
699
940
378
675
93
361
430
729
571
603
645
731
120
635
733
51
674
151
98
742
318
194
94
854
420
530
452
553
375
96
491
349
445
891
867
425
66
390
749
409
811
3
454
167
296
389
905
766
156
730
971
46
548
666
353
170
610
648
291
146
757
937
917
924
117
271
628
64
464
853
948
395
581
299
327
669
376
932
718
145
602
154
823
518
722
9
858
342
149
416
739
444
464
380
699
310
416
501
858
118
220
286
541
440
395
664
986
885
915
828
868
395
349
328
143
160
100
338
310
625
186
344
700
654
28
888
855
345
189
236
162
837
180
979
100
769
899
713
799
490
83
863
766
86
864
601
582
4
536
15
905
308
229
122
315
243
735
693
693
65
701
881
591
46
877
435
964
346
174
262
38
66
322
885
95
690
126
687
418
269
849
62
811
673
470
533
849
309
804
594
139
43
429
642
244
349
416
646
533
128
393
498
76
827
920
876
744
105
185
272
137
501
23
799
659
217
156
215
414
596
277
256
712
95
206
203
917
843
716
482
545
766
244
306
813
419
305
477
873
792
488
872
764
765
256
394
253
204
796
516
120
464
631
188
516
300
897
323
16
722
676
699
588
139
499
965
13
926
856
640
216
284
837
590
809
687
57
884
821
147
7
194
295
253
808
92
286
796
96
421
398
41
299
894
254
589
136
183
493
39
189
253
266
158
978
933
830
962
366
435
128
911
306
50
739
101
655
620
56
453
807
376
405
201
612
83
117
227
188
100
101
774
639
864
744
199
842
225
29
211
867
659
837
569
643
439
820
361
244
874
883
532
646
323
848
441
187
776
556
66
418
437
162
585
534
14
372
190
418
439
173
822
610
820
55
892
432
252
715
724
66
24
97
658
126
565
393
55
286
523
274
751
647
621
904
906
232
998
199
822
202
752
240
417
999
604
132
404
722
466
273
868
990
229
307
282
720
101
18
125
563
22
813
512
843
288
51
925
937
961
954
818
976
32
889
324
770
527
933
821
315
891
664
414
607
897
747
670
118
906
935
612
101
350
432
932
7
593
925
547
28
828
380
164
254
337
406
252
816
531
625
617
535
687
903
969
586
991
917
411
459
50
871
718
48
472
134
701
890
414
993
379
11
136
318
535
921
440
905
12
294
671
588
919
442
591
380
634
296
330
294
781
994
173
119
464
755
872
936
752
668
310
407
929
769
633
866
827
809
449
75
521
613
782
505
238
897
643
285
158
28
914
300
64
378
385
286
266
318
444
247
523
360
377
671
256
797
421
241
672
96
218
932
552
401
64
688
338
761
458
488
838
942
673
994
660
128
151
340
470
211
338
455
59
322
74
128
854
339
525
872
154
819
622
587
601
107
434
548
388
415
298
972
538
65
910
441
122
430
777
252
449
163
107
958
994
82
230
638
664
659
854
211
507
935
989
626
105
422
448
865
357
757
922
471
868
351
526
405
787
57
336
845
329
901
170
348
853
131
314
664
426
256
666
147
223
803
663
908
971
353
977
571
391
801
55
638
375
557
732
164
142
333
213
377
189
119
731
841
941
311
965
510
66
191
689
380
336
147
255
278
22
316
918
875
667
208
277
517
916
851
529
146
527
398
687
112
507
444
48
146
74
182
351
621
912
173
490
348
130
55
84
15
12
407
378
467
267
41
111
434
83
168
746
49
812
742
632
657
304
878
788
954
242
932
451
53
298
851
129
341
363
39
77
613
966
562
232
305
644
124
305
923
385
895
692
292
2
182
608
715
985
140
704
868
1000
959
649
946
255
60
884
427
531
491
449
798
286
512
217
450
469
833
976
570
326
540
318
614
894
441
605
328
745
202
529
881
971
641
758
606
785
732
52
770
646
452
782
423
289
387
881
300
467
154
539
998
836
815
736
725
528
779
296
297
365
219
639
396
980
215
428
873
169
781
979
486
884
68
841
325
240
427
145
620
39
575
994
432
942
575
428
533
92
316
154
739
24
912
127
365
722
759
595
779
102
658
42
694
515
386
920
103
283
256
46
595
193
15
744
914
115
214
582
513
383
527
722
957
54
307
228
630
553
62
303
480
92
898
448
264
964
232
134
831
227
312
381
478
385
15
59
881
206
147
568
116
782
503
493
353
919
591
702
439
624
540
619
544
644
638
583
731
550
174
644
807
327
562
795
451
557
29
182
563
18
278
608
228
885
278
53
230
47
448
909
722
457
368
259
1
164
88
96
531
746
251
525
950
231
805
735
518
71
880
374
415
842
495
782
704
772
405
625
857
491
510
803
604
455
842
624
459
646
889
940
638
787
283
85
986
191
15
144
3
347
627
689
326
778
481
79
823
940
449
309
954
768
293
508
480
534
673
400
191
54
756
891
20
614
503
590
407
211
6
340
254
146
319
809
357
485
129
919
87
827
169
463
509
818
849
236
266
203
343
651
339
529
326
181
38
391
426
799
59
487
695
366
72
484
404
856
951
406
143
459
629
421
810
212
203
675
211
364
74
167
13
484
920
50
365
259
637
695
963
680
716
203
421
528
242
371
960
432
798
186
941
595
814
685
111
200
991
28
853
489
86
730
538
682
240
337
401
758
691
427
292
877
211
916
636
93
418
113
230
389
23
691
737
497
448
259
224
895
216
50
658
113
97
79
571
567
934
433
318
660
545
267
804
128
592
164
